# GISS Land-Ocean Temperature Index, global mean anomalies
# Source: <a href="http://data.giss.nasa.gov/gistemp/">NASA/GISS</a>
# Ta [K] global temperature
 1880 -0.2900000     -0.1800000     -0.1100000     -0.1900000     -0.1100000     -0.2300000     -0.2100000     -0.9000000E-01 -0.1600000     -0.2300000     -0.2000000     -0.2300000
 1881 -0.1500000     -0.1700000      0.4000000E-01  0.4000000E-01  0.2000000E-01 -0.2000000     -0.6000000E-01 -0.2000000E-01 -0.1300000     -0.2000000     -0.2100000     -0.1000000
 1882  0.1500000      0.1500000      0.4000000E-01 -0.1800000     -0.1600000     -0.2600000     -0.2000000     -0.5000000E-01 -0.1000000     -0.2400000     -0.1600000     -0.2400000
 1883 -0.3100000     -0.3900000     -0.1300000     -0.1700000     -0.2000000     -0.1200000     -0.8000000E-01 -0.1500000     -0.2000000     -0.1400000     -0.2200000     -0.1600000
 1884 -0.1500000     -0.8000000E-01 -0.3700000     -0.4200000     -0.3600000     -0.4000000     -0.3400000     -0.2600000     -0.2700000     -0.2400000     -0.3000000     -0.2800000
 1885 -0.5800000     -0.3000000     -0.2500000     -0.4200000     -0.4200000     -0.4400000     -0.3500000     -0.3100000     -0.2300000     -0.1900000     -0.1900000     -0.5000000E-01
 1886 -0.4200000     -0.4500000     -0.3800000     -0.2700000     -0.2600000     -0.3800000     -0.2100000     -0.3300000     -0.2500000     -0.2800000     -0.3100000     -0.2600000
 1887 -0.7200000     -0.5200000     -0.3400000     -0.3800000     -0.3200000     -0.2300000     -0.2300000     -0.3200000     -0.2200000     -0.3200000     -0.2300000     -0.3300000
 1888 -0.3700000     -0.3600000     -0.4100000     -0.2200000     -0.2200000     -0.1800000     -0.1000000     -0.1600000     -0.1000000      0.2000000E-01  0.1000000E-01 -0.6000000E-01
 1889 -0.1100000      0.1800000      0.8000000E-01  0.7000000E-01 -0.2000000E-01 -0.1400000     -0.1000000     -0.2000000     -0.2200000     -0.2200000     -0.3300000     -0.3000000
 1890 -0.4400000     -0.4500000     -0.4000000     -0.3700000     -0.4600000     -0.2700000     -0.2700000     -0.3800000     -0.4000000     -0.2400000     -0.4800000     -0.3100000
 1891 -0.4200000     -0.4900000     -0.1900000     -0.2900000     -0.1900000     -0.2100000     -0.2100000     -0.1600000     -0.1500000     -0.2200000     -0.3500000     -0.5000000E-01
 1892 -0.2800000     -0.1200000     -0.3600000     -0.3500000     -0.2500000     -0.2300000     -0.3200000     -0.2500000     -0.1300000     -0.1200000     -0.4100000     -0.3800000
 1893 -0.8000000     -0.5400000     -0.2300000     -0.3000000     -0.3600000     -0.2800000     -0.1600000     -0.2700000     -0.2100000     -0.1700000     -0.1700000     -0.3500000
 1894 -0.5300000     -0.3400000     -0.2500000     -0.4800000     -0.3500000     -0.4400000     -0.2600000     -0.2200000     -0.2500000     -0.2100000     -0.2500000     -0.2000000
 1895 -0.4400000     -0.4300000     -0.2800000     -0.2500000     -0.2700000     -0.2400000     -0.1700000     -0.1600000     -0.9000000E-01 -0.8000000E-01 -0.1400000     -0.1500000
 1896 -0.2600000     -0.1400000     -0.2600000     -0.3000000     -0.1800000     -0.1400000     -0.3000000E-01 -0.4000000E-01 -0.3000000E-01  0.1200000     -0.7000000E-01 -0.4000000E-01
 1897 -0.1400000     -0.1500000     -0.1300000     -0.2000000E-01 -0.5000000E-01 -0.1600000     -0.7000000E-01 -0.1100000     -0.8000000E-01 -0.1200000     -0.1900000     -0.1900000
 1898 -0.2000000E-01 -0.2800000     -0.5100000     -0.3200000     -0.3200000     -0.2000000     -0.2400000     -0.2500000     -0.2100000     -0.3400000     -0.3800000     -0.2500000
 1899 -0.1900000     -0.4100000     -0.3400000     -0.2100000     -0.2300000     -0.3300000     -0.1800000     -0.7000000E-01 -0.3000000E-01 -0.5000000E-01  0.1200000     -0.2800000
 1900 -0.3700000     -0.3000000E-01  0.1000000E-01 -0.1200000     -0.1000000     -0.1300000     -0.1300000     -0.1000000     -0.5000000E-01  0.9000000E-01 -0.1000000     -0.7000000E-01
 1901 -0.2400000     -0.4000000E-01  0.8000000E-01 -0.4000000E-01 -0.1700000     -0.1300000     -0.1500000     -0.2000000     -0.2200000     -0.3100000     -0.1700000     -0.2800000
 1902 -0.2000000     -0.4000000E-01 -0.2900000     -0.3100000     -0.3600000     -0.3500000     -0.2900000     -0.3300000     -0.3000000     -0.3100000     -0.3900000     -0.4600000
 1903 -0.2600000     -0.5000000E-01 -0.2300000     -0.4300000     -0.4500000     -0.4700000     -0.3800000     -0.4900000     -0.4900000     -0.4900000     -0.4500000     -0.5300000
 1904 -0.6700000     -0.5900000     -0.5100000     -0.5500000     -0.5600000     -0.5100000     -0.5400000     -0.5100000     -0.5300000     -0.4000000     -0.2200000     -0.3500000
 1905 -0.4000000     -0.6000000     -0.2300000     -0.3600000     -0.3300000     -0.3100000     -0.2900000     -0.2200000     -0.1900000     -0.2600000     -0.1000000     -0.1800000
 1906 -0.2800000     -0.3100000     -0.1700000     -0.4000000E-01 -0.2500000     -0.2100000     -0.2500000     -0.2000000     -0.2700000     -0.1900000     -0.3900000     -0.1700000
 1907 -0.4200000     -0.5200000     -0.2600000     -0.3800000     -0.4700000     -0.4400000     -0.3700000     -0.3500000     -0.3300000     -0.2500000     -0.4900000     -0.4800000
 1908 -0.4300000     -0.3100000     -0.5400000     -0.4600000     -0.4100000     -0.4200000     -0.4000000     -0.4700000     -0.3600000     -0.4500000     -0.5000000     -0.5000000
 1909 -0.6900000     -0.4700000     -0.5200000     -0.6000000     -0.5600000     -0.5300000     -0.4500000     -0.3200000     -0.3600000     -0.3700000     -0.3100000     -0.5500000
 1910 -0.4500000     -0.4500000     -0.5200000     -0.4100000     -0.3600000     -0.3800000     -0.3500000     -0.3700000     -0.3700000     -0.3900000     -0.5400000     -0.6700000
 1911 -0.6300000     -0.5800000     -0.6000000     -0.5300000     -0.5200000     -0.4800000     -0.4100000     -0.4200000     -0.3700000     -0.2300000     -0.1800000     -0.2100000
 1912 -0.2600000     -0.1200000     -0.3500000     -0.1900000     -0.2200000     -0.2600000     -0.4400000     -0.5400000     -0.5100000     -0.5600000     -0.3800000     -0.4400000
 1913 -0.4200000     -0.4300000     -0.4300000     -0.3900000     -0.4600000     -0.4800000     -0.3600000     -0.3400000     -0.3500000     -0.3300000     -0.1900000     -0.3000000E-01
 1914  0.4000000E-01 -0.1100000     -0.2200000     -0.2900000     -0.2300000     -0.2600000     -0.2400000     -0.1400000     -0.1300000     -0.4000000E-01 -0.1800000     -0.8000000E-01
 1915 -0.1700000       0.000000     -0.9000000E-01  0.6000000E-01 -0.6000000E-01 -0.2000000     -0.1000000     -0.1900000     -0.1600000     -0.2400000     -0.1200000     -0.1600000
 1916 -0.8000000E-01 -0.1200000     -0.2800000     -0.2900000     -0.3200000     -0.4600000     -0.3500000     -0.2500000     -0.3100000     -0.2600000     -0.3900000     -0.7900000
 1917 -0.5800000     -0.6100000     -0.6000000     -0.5000000     -0.5400000     -0.4300000     -0.2400000     -0.2100000     -0.1700000     -0.4000000     -0.2800000     -0.6600000
 1918 -0.4100000     -0.3100000     -0.2400000     -0.4400000     -0.4500000     -0.3500000     -0.3100000     -0.2900000     -0.1400000     -0.5000000E-01 -0.9000000E-01 -0.2700000
 1919 -0.1900000     -0.2200000     -0.2000000     -0.1300000     -0.2700000     -0.3700000     -0.2800000     -0.3200000     -0.2200000     -0.1800000     -0.4100000     -0.4100000
 1920 -0.2100000     -0.2200000     -0.7000000E-01 -0.2500000     -0.2600000     -0.3500000     -0.3100000     -0.2400000     -0.1900000     -0.2600000     -0.2600000     -0.4300000
 1921 -0.1000000E-01 -0.1800000     -0.2200000     -0.2900000     -0.2800000     -0.2700000     -0.1400000     -0.2300000     -0.1600000     -0.2000000E-01 -0.1200000     -0.1600000
 1922 -0.3300000     -0.4300000     -0.1200000     -0.2300000     -0.3300000     -0.3200000     -0.2400000     -0.3000000     -0.3100000     -0.3100000     -0.1300000     -0.1700000
 1923 -0.2800000     -0.3600000     -0.3300000     -0.3900000     -0.3300000     -0.2500000     -0.2900000     -0.2900000     -0.2700000     -0.1100000      0.2000000E-01 -0.2000000E-01
 1924 -0.2100000     -0.2300000     -0.6000000E-01 -0.3100000     -0.1800000     -0.2200000     -0.2500000     -0.3300000     -0.3100000     -0.3300000     -0.1900000     -0.4000000
 1925 -0.3600000     -0.3800000     -0.2500000     -0.2500000     -0.3000000     -0.3300000     -0.2700000     -0.1500000     -0.1600000     -0.1700000      0.4000000E-01  0.9000000E-01
 1926  0.2000000      0.7000000E-01  0.1200000     -0.1200000     -0.2200000     -0.2200000     -0.2400000     -0.1200000     -0.1200000     -0.9000000E-01 -0.4000000E-01 -0.2800000
 1927 -0.2700000     -0.1800000     -0.3700000     -0.3100000     -0.2500000     -0.2600000     -0.1700000     -0.2000000     -0.1000000       0.000000     -0.3000000E-01 -0.3200000
 1928 -0.1000000E-01 -0.7000000E-01 -0.2700000     -0.2800000     -0.2900000     -0.3700000     -0.1800000     -0.2200000     -0.1800000     -0.1700000     -0.9000000E-01 -0.1700000
 1929 -0.4500000     -0.5900000     -0.3100000     -0.3900000     -0.3800000     -0.4000000     -0.3300000     -0.3000000     -0.2300000     -0.1300000     -0.1200000     -0.5300000
 1930 -0.3000000     -0.2700000     -0.8000000E-01 -0.2500000     -0.2300000     -0.2000000     -0.1900000     -0.1300000     -0.1200000     -0.9000000E-01  0.1600000     -0.6000000E-01
 1931 -0.1000000     -0.2400000     -0.8000000E-01 -0.2200000     -0.2000000     -0.8000000E-01 -0.3000000E-01 -0.3000000E-01 -0.7000000E-01  0.2000000E-01 -0.1200000     -0.9000000E-01
 1932  0.1400000     -0.1900000     -0.1900000     -0.7000000E-01 -0.1900000     -0.3000000     -0.2400000     -0.2400000     -0.1200000     -0.1100000     -0.2700000     -0.2500000
 1933 -0.3400000     -0.3400000     -0.3000000     -0.2600000     -0.2900000     -0.3400000     -0.2100000     -0.2400000     -0.2700000     -0.2100000     -0.3000000     -0.4600000
 1934 -0.2500000     -0.4000000E-01 -0.3300000     -0.3000000     -0.1100000     -0.1600000     -0.1100000     -0.1100000     -0.1600000     -0.8000000E-01  0.3000000E-01 -0.4000000E-01
 1935 -0.3400000      0.1400000     -0.1300000     -0.3600000     -0.3100000     -0.2700000     -0.2300000     -0.2200000     -0.2100000     -0.8000000E-01 -0.2800000     -0.2000000
 1936 -0.2800000     -0.3900000     -0.2200000     -0.2000000     -0.1800000     -0.2100000     -0.8000000E-01 -0.1400000     -0.9000000E-01 -0.4000000E-01 -0.4000000E-01 -0.3000000E-01
 1937 -0.1300000      0.3000000E-01 -0.1800000     -0.1700000     -0.8000000E-01 -0.5000000E-01 -0.5000000E-01  0.2000000E-01  0.1100000      0.8000000E-01  0.9000000E-01 -0.1200000
 1938  0.1000000E-01 -0.3000000E-01  0.8000000E-01  0.4000000E-01 -0.1000000     -0.1800000     -0.9000000E-01 -0.6000000E-01  0.2000000E-01  0.1100000      0.3000000E-01 -0.2200000
 1939 -0.7000000E-01 -0.8000000E-01 -0.2000000     -0.1000000     -0.6000000E-01 -0.8000000E-01 -0.8000000E-01 -0.7000000E-01 -0.7000000E-01 -0.3000000E-01  0.5000000E-01  0.4400000
 1940 -0.6000000E-01  0.1200000      0.1500000      0.1800000      0.9000000E-01  0.8000000E-01  0.1200000      0.4000000E-01  0.1300000      0.7000000E-01  0.1700000      0.2700000
 1941  0.2100000      0.3200000      0.8000000E-01  0.1700000      0.1400000      0.1100000      0.2100000      0.1400000      0.2000000E-01  0.3300000      0.2400000      0.2000000
 1942  0.2500000      0.1000000E-01  0.9000000E-01  0.1100000      0.8000000E-01  0.4000000E-01   0.000000     -0.4000000E-01 -0.5000000E-01 -0.1000000E-01  0.8000000E-01  0.7000000E-01
 1943 -0.4000000E-01  0.1400000     -0.8000000E-01  0.7000000E-01  0.4000000E-01 -0.6000000E-01  0.8000000E-01   0.000000      0.6000000E-01  0.2200000      0.2000000      0.2400000
 1944  0.3500000      0.2600000      0.2600000      0.1900000      0.1900000      0.2000000      0.1800000      0.1700000      0.3000000      0.2500000      0.1000000      0.2000000E-01
 1945  0.1000000     -0.2000000E-01  0.6000000E-01  0.1800000      0.4000000E-01 -0.1000000E-01  0.2000000E-01  0.2700000      0.2200000      0.1800000      0.7000000E-01 -0.9000000E-01
 1946  0.1500000      0.7000000E-01  0.1000000E-01  0.6000000E-01 -0.8000000E-01 -0.2100000     -0.1400000     -0.1700000     -0.7000000E-01 -0.6000000E-01 -0.6000000E-01 -0.3600000
 1947 -0.1300000     -0.8000000E-01  0.7000000E-01  0.7000000E-01 -0.4000000E-01  0.2000000E-01 -0.8000000E-01 -0.1000000     -0.1300000      0.5000000E-01  0.2000000E-01 -0.1700000
 1948  0.7000000E-01 -0.1600000     -0.2600000     -0.1200000      0.1000000E-01 -0.5000000E-01 -0.1200000     -0.1300000     -0.1200000     -0.8000000E-01 -0.1200000     -0.2300000
 1949  0.9000000E-01 -0.1700000     -0.3000000E-01 -0.1000000     -0.9000000E-01 -0.2300000     -0.1400000     -0.1200000     -0.1400000     -0.7000000E-01 -0.1000000     -0.2300000
 1950 -0.3400000     -0.2800000     -0.7000000E-01 -0.2100000     -0.1000000     -0.4000000E-01 -0.1000000     -0.1700000     -0.1200000     -0.2200000     -0.3800000     -0.2000000
 1951 -0.3500000     -0.4300000     -0.2100000     -0.1300000       0.000000     -0.2000000E-01  0.3000000E-01  0.6000000E-01  0.9000000E-01  0.5000000E-01 -0.2000000E-01  0.1400000
 1952  0.1300000      0.1100000     -0.9000000E-01  0.2000000E-01 -0.2000000E-01 -0.4000000E-01  0.4000000E-01  0.4000000E-01  0.7000000E-01 -0.1000000E-01 -0.1400000     -0.1000000E-01
 1953  0.8000000E-01  0.1400000      0.1100000      0.1800000      0.9000000E-01  0.1000000       0.000000      0.6000000E-01  0.4000000E-01  0.6000000E-01 -0.5000000E-01  0.2000000E-01
 1954 -0.2800000     -0.1300000     -0.1500000     -0.1600000     -0.2200000     -0.1700000     -0.1900000     -0.1600000     -0.1000000     -0.4000000E-01  0.6000000E-01 -0.2200000
 1955  0.1400000     -0.1800000     -0.3400000     -0.2100000     -0.2100000     -0.1100000     -0.1200000      0.1000000E-01 -0.1100000     -0.5000000E-01 -0.2400000     -0.3000000
 1956 -0.1600000     -0.2600000     -0.2300000     -0.2700000     -0.3100000     -0.1600000     -0.1200000     -0.2600000     -0.2000000     -0.2400000     -0.1700000     -0.7000000E-01
 1957 -0.1100000     -0.4000000E-01 -0.6000000E-01 -0.1000000E-01  0.9000000E-01  0.1600000      0.1000000E-01  0.1500000      0.9000000E-01  0.2000000E-01  0.7000000E-01  0.1600000
 1958  0.3900000      0.2400000      0.1100000      0.3000000E-01  0.7000000E-01 -0.7000000E-01  0.5000000E-01 -0.3000000E-01 -0.2000000E-01  0.4000000E-01  0.2000000E-01   0.000000
 1959  0.8000000E-01  0.9000000E-01  0.1800000      0.1300000      0.4000000E-01  0.2000000E-01  0.6000000E-01 -0.2000000E-01 -0.6000000E-01 -0.9000000E-01 -0.9000000E-01 -0.2000000E-01
 1960 -0.1000000E-01  0.1600000     -0.3400000     -0.1400000     -0.7000000E-01 -0.4000000E-01 -0.3000000E-01  0.2000000E-01  0.7000000E-01  0.7000000E-01 -0.1200000      0.1800000
 1961  0.7000000E-01  0.1900000      0.9000000E-01  0.1200000      0.1100000      0.1100000       0.000000      0.3000000E-01  0.7000000E-01   0.000000      0.3000000E-01 -0.1500000
 1962  0.7000000E-01  0.1400000      0.1200000      0.4000000E-01 -0.4000000E-01  0.5000000E-01  0.2000000E-01 -0.1000000E-01  0.1000000E-01   0.000000      0.7000000E-01   0.000000
 1963 -0.2000000E-01  0.2000000     -0.1400000     -0.6000000E-01 -0.4000000E-01  0.5000000E-01  0.9000000E-01  0.2700000      0.2000000      0.1500000      0.1500000     -0.1000000E-01
 1964 -0.8000000E-01 -0.1300000     -0.2300000     -0.3100000     -0.2400000     -0.2000000E-01 -0.3000000E-01 -0.2100000     -0.2900000     -0.3100000     -0.2100000     -0.3000000
 1965 -0.8000000E-01 -0.1700000     -0.1100000     -0.1900000     -0.1400000     -0.9000000E-01 -0.1200000     -0.3000000E-01 -0.1600000     -0.5000000E-01 -0.6000000E-01 -0.6000000E-01
 1966 -0.1700000       0.000000      0.5000000E-01 -0.1300000     -0.1100000      0.1000000E-01  0.1000000     -0.8000000E-01 -0.2000000E-01 -0.1500000     -0.2000000E-01 -0.5000000E-01
 1967 -0.6000000E-01 -0.2100000      0.4000000E-01 -0.5000000E-01  0.1500000     -0.8000000E-01  0.1000000E-01  0.1000000E-01 -0.6000000E-01  0.9000000E-01 -0.7000000E-01 -0.3000000E-01
 1968 -0.2600000     -0.1500000      0.2100000     -0.5000000E-01 -0.1300000     -0.8000000E-01 -0.1200000     -0.9000000E-01 -0.1800000      0.1100000     -0.3000000E-01 -0.1300000
 1969 -0.1000000     -0.1400000      0.1000000E-01  0.1800000      0.1900000      0.5000000E-01 -0.2000000E-01  0.3000000E-01  0.9000000E-01  0.1300000      0.1300000      0.2800000
 1970  0.9000000E-01  0.2200000      0.8000000E-01  0.9000000E-01 -0.4000000E-01 -0.2000000E-01 -0.2000000E-01 -0.9000000E-01  0.1100000      0.6000000E-01  0.2000000E-01 -0.1200000
 1971 -0.2000000E-01 -0.2000000     -0.1700000     -0.8000000E-01 -0.5000000E-01 -0.1900000     -0.1100000     -0.3000000E-01 -0.4000000E-01 -0.6000000E-01 -0.5000000E-01 -0.9000000E-01
 1972 -0.2400000     -0.1600000      0.2000000E-01   0.000000     -0.4000000E-01  0.6000000E-01  0.1000000E-01  0.1700000      0.2000000E-01  0.9000000E-01  0.4000000E-01  0.1900000
 1973  0.2900000      0.3100000      0.2700000      0.2600000      0.2500000      0.1700000      0.1000000      0.3000000E-01  0.1000000      0.1400000      0.6000000E-01 -0.6000000E-01
 1974 -0.1500000     -0.2900000     -0.6000000E-01 -0.1200000     -0.2000000E-01 -0.6000000E-01 -0.5000000E-01  0.1100000     -0.1200000     -0.8000000E-01 -0.7000000E-01 -0.9000000E-01
 1975  0.7000000E-01  0.6000000E-01  0.1300000      0.5000000E-01  0.1600000       0.000000     -0.1000000E-01 -0.1900000     -0.3000000E-01 -0.9000000E-01 -0.1600000     -0.1700000
 1976 -0.2000000E-01 -0.6000000E-01 -0.2100000     -0.8000000E-01 -0.2400000     -0.1600000     -0.1000000     -0.1400000     -0.9000000E-01 -0.2600000     -0.4000000E-01  0.1000000
 1977  0.1900000      0.2200000      0.2400000      0.2700000      0.3000000      0.2400000      0.2000000      0.1600000       0.000000      0.2000000E-01  0.1700000      0.2000000E-01
 1978  0.6000000E-01  0.1400000      0.2100000      0.1500000      0.6000000E-01 -0.2000000E-01  0.3000000E-01 -0.1800000      0.5000000E-01   0.000000      0.1500000      0.1000000
 1979  0.1200000     -0.1000000      0.1800000      0.1300000      0.5000000E-01  0.1300000      0.2000000E-01  0.1300000      0.2500000      0.2400000      0.2800000      0.4700000
 1980  0.3000000      0.4300000      0.3000000      0.3300000      0.3600000      0.1700000      0.2800000      0.2300000      0.1900000      0.1800000      0.2900000      0.1900000
 1981  0.5500000      0.4100000      0.4900000      0.3100000      0.2400000      0.3100000      0.3400000      0.3200000      0.1600000      0.1400000      0.2400000      0.4300000
 1982  0.1000000      0.1600000     -0.1000000E-01  0.9000000E-01  0.1600000      0.5000000E-01  0.1300000      0.7000000E-01  0.1400000      0.1300000      0.1500000      0.4200000
 1983  0.5200000      0.4000000      0.4200000      0.3100000      0.3600000      0.2000000      0.1700000      0.3300000      0.3900000      0.1600000      0.3200000      0.1700000
 1984  0.3000000      0.1700000      0.2900000      0.8000000E-01  0.3300000      0.5000000E-01  0.1700000      0.1600000      0.2100000      0.1600000      0.6000000E-01 -0.5000000E-01
 1985  0.2200000     -0.6000000E-01  0.1700000      0.1100000      0.1700000      0.1800000     -0.1000000E-01  0.1500000      0.1500000      0.1200000      0.9000000E-01  0.1500000
 1986  0.2900000      0.3800000      0.2800000      0.2400000      0.2400000      0.1100000      0.1100000      0.1200000       0.000000      0.1300000      0.1100000      0.1600000
 1987  0.3600000      0.4500000      0.1600000      0.2200000      0.2500000      0.3700000      0.4500000      0.2800000      0.3900000      0.3200000      0.2500000      0.4700000
 1988  0.5700000      0.4300000      0.5100000      0.4500000      0.4300000      0.4300000      0.3400000      0.4700000      0.4100000      0.3900000      0.1200000      0.3300000
 1989  0.1500000      0.3500000      0.3700000      0.3300000      0.1600000      0.1400000      0.3300000      0.3700000      0.3700000      0.3200000      0.2000000      0.3800000
 1990  0.4000000      0.4100000      0.7600000      0.5500000      0.4600000      0.3800000      0.4300000      0.3000000      0.2900000      0.4100000      0.4500000      0.4000000
 1991  0.4000000      0.4900000      0.3400000      0.5200000      0.3700000      0.5200000      0.4700000      0.3900000      0.4800000      0.3000000      0.3100000      0.3200000
 1992  0.4400000      0.4100000      0.4700000      0.2300000      0.3200000      0.2500000      0.1200000      0.7000000E-01   0.000000      0.8000000E-01  0.2000000E-01  0.2100000
 1993  0.3700000      0.3800000      0.3600000      0.2700000      0.2700000      0.2500000      0.2800000      0.1300000      0.1000000      0.2200000      0.6000000E-01  0.1600000
 1994  0.2700000      0.2000000E-01  0.2700000      0.4000000      0.2800000      0.4300000      0.3100000      0.2100000      0.2900000      0.4100000      0.4600000      0.3600000
 1995  0.5000000      0.7800000      0.4500000      0.4700000      0.2600000      0.4100000      0.4700000      0.4600000      0.3300000      0.4700000      0.4500000      0.2800000
 1996  0.2500000      0.4800000      0.3200000      0.3600000      0.2700000      0.2500000      0.3600000      0.4800000      0.2500000      0.1900000      0.4100000      0.4000000
 1997  0.3100000      0.3800000      0.5300000      0.3600000      0.3600000      0.5400000      0.3500000      0.4100000      0.5300000      0.6200000      0.6400000      0.5900000
 1998  0.6000000      0.9000000      0.6300000      0.6300000      0.6900000      0.7700000      0.6800000      0.6600000      0.4100000      0.4400000      0.4900000      0.5600000
 1999  0.4800000      0.6500000      0.3400000      0.3300000      0.3100000      0.3700000      0.3700000      0.3100000      0.4100000      0.3900000      0.3800000      0.4300000
 2000  0.2400000      0.5600000      0.5800000      0.5700000      0.3600000      0.4100000      0.3900000      0.4200000      0.4100000      0.2800000      0.3200000      0.2900000
 2001  0.4200000      0.4400000      0.5600000      0.5100000      0.5700000      0.5400000      0.6000000      0.4800000      0.5400000      0.5100000      0.7000000      0.5600000
 2002  0.7500000      0.7500000      0.9000000      0.5700000      0.6300000      0.5500000      0.6100000      0.5300000      0.6300000      0.5500000      0.5800000      0.4400000
 2003  0.7200000      0.5500000      0.5700000      0.5400000      0.6100000      0.4800000      0.5400000      0.6500000      0.6500000      0.7400000      0.5300000      0.7300000
 2004  0.5800000      0.7300000      0.6400000      0.6300000      0.4000000      0.4300000      0.2400000      0.4400000      0.5000000      0.6300000      0.7100000      0.4800000
 2005  0.7000000      0.5500000      0.7100000      0.6800000      0.6300000      0.6600000      0.6400000      0.6100000      0.7500000      0.7600000      0.7200000      0.6500000
 2006  0.5600000      0.6800000      0.6200000      0.5000000      0.4700000      0.6400000      0.5200000      0.7000000      0.6200000      0.6700000      0.6900000      0.7300000
 2007  0.9400000      0.7000000      0.6900000      0.7400000      0.6600000      0.5800000      0.6000000      0.5700000      0.6000000      0.5700000      0.5500000      0.4600000
 2008  0.2300000      0.3400000      0.7300000      0.5100000      0.4700000      0.4500000      0.5900000      0.4300000      0.6300000      0.6300000      0.6500000      0.5300000
 2009  0.6100000      0.5000000      0.5200000      0.5900000      0.6500000      0.6500000      0.7000000      0.6600000      0.6800000      0.6400000      0.7600000      0.6600000
 2010  0.7300000      0.8000000      0.9200000      0.8500000      0.7300000      0.6200000      0.5900000      0.6300000      0.5900000      0.6900000      0.7800000      0.4600000
 2011  0.4900000      0.5100000      0.6200000      0.6200000      0.5000000      0.5600000      0.7100000      0.7100000      0.5400000      0.6300000      0.5500000      0.5300000
 2012  0.4500000      0.4700000      0.5600000      0.6700000      0.7400000      0.6200000      0.5400000      0.6000000      0.7200000      0.7500000      0.7400000      0.5200000
 2013  0.6600000      0.5500000      0.6600000      0.5200000      0.5700000      0.6500000      0.5700000      0.6500000      0.7600000      0.6700000      0.7800000      0.6500000
 2014  0.7300000      0.5200000      0.7600000      0.7700000      0.8500000      0.6600000      0.5600000      0.8000000      0.8800000      0.8100000      0.6600000      0.7800000
 2015  0.8100000      0.8700000      0.9000000      0.7400000      0.7500000      0.7900000      0.7100000      0.7900000      0.8100000       1.070000       1.020000       1.100000
 2016   1.150000       1.340000       1.300000       1.070000      0.9000000      0.7800000      0.8200000      0.9900000      0.8700000      0.8900000      0.9000000      0.8200000
 2017  0.9600000       1.110000       1.130000      0.9300000      0.8800000      0.7000000      0.8100000      0.8600000      0.7400000      0.8800000      0.8700000      0.8900000    
