# ensemble mea of file global_tas_Amon_mod_historicalNat_%%%.dat
# using members   0 to  20
# cutting out region lon=   -1.406  358.594, lat=  -89.247   89.247
# file :: ./data/iglobal_tas_Amon_modmean_historicalNat_000.dat
# description :: CMIP5 historicalNat Tglobal
# comment :: ensemble mea of file global_tas_Amon_mod_historicalNat_%%%.dat, using members   0 to  20, cutting out region lon=   -1.406  358.594, lat=  -89.247   89.247, via the KNMI Climate Explorer (http://climexp.knmi.nl)
# institution :: KNMI Climate Explorer
# history ::  2018-02-08  5:54:46 ./bin/plotdat anomal ./data/iglobal_tas_Amon_modmean_historicalNat_000.dat\n 2018-02-08  5:54:46 dat2nc ./data/iglobal_tas_Amon_modmean_historicalNat_000.dat i CMIP5_historicalNat_Tglobal ./data/iglobal_tas_Amon_modmean_historicalNat_000.nc n
# tas [K] from bcc-csm1-1 model output prepared for CMIP5 natural-only r1i1p1
 1860.0000  0.163269E-01
 1860.0834 -0.671387E-03
 1860.1666 -0.123901E-01
 1860.2500 -0.266113E-01
 1860.3334 -0.331116E-01
 1860.4166 -0.291443E-01
 1860.5000 -0.218201E-01
 1860.5834 -0.163879E-01
 1860.6666  0.175781E-01
 1860.7500  0.361023E-01
 1860.8334  0.286865E-01
 1860.9166  0.434570E-01
 1861.0000  0.147400E-01
 1861.0834  0.158081E-01
 1861.1666 -0.579834E-02
 1861.2500  0.208130E-01
 1861.3334  0.566101E-01
 1861.4166  0.384521E-01
 1861.5000  0.286865E-02
 1861.5834  0.823975E-03
 1861.6666 -0.781250E-02
 1861.7500  0.166931E-01
 1861.8334  0.264893E-01
 1861.9166  0.924683E-02
 1862.0000  0.143127E-01
 1862.0834  0.610352E-03
 1862.1666  0.131226E-02
 1862.2500 -0.241089E-02
 1862.3334 -0.360107E-02
 1862.4166 -0.704956E-02
 1862.5000 -0.674438E-02
 1862.5834  0.222778E-02
 1862.6666  0.708008E-02
 1862.7500  0.479126E-02
 1862.8334 -0.561523E-02
 1862.9166 -0.674438E-02
 1863.0000  0.108337E-01
 1863.0834  0.379334E-01
 1863.1666  0.118103E-01
 1863.2500  0.176086E-01
 1863.3334  0.161743E-02
 1863.4166 -0.181580E-01
 1863.5000 -0.723267E-02
 1863.5834 -0.119629E-01
 1863.6666  0.439453E-02
 1863.7500  0.270996E-01
 1863.8334  0.601807E-01
 1863.9166  0.530396E-01
 1864.0000  0.573120E-01
 1864.0834  0.242310E-01
 1864.1666  0.541992E-01
 1864.2500  0.379028E-01
 1864.3334  0.461121E-01
 1864.4166  0.109558E-01
 1864.5000  0.735474E-02
 1864.5834  0.842285E-02
 1864.6666  0.171814E-01
 1864.7500  0.228882E-01
 1864.8334  0.488892E-01
 1864.9166  0.207520E-01
 1865.0000  0.242310E-01
 1865.0834  0.201111E-01
 1865.1666  0.523987E-01
 1865.2500  0.462952E-01
 1865.3334  0.180054E-01
 1865.4166 -0.854492E-02
 1865.5000  0.656128E-02
 1865.5834 -0.762939E-03
 1865.6666  0.689697E-02
 1865.7500  0.151978E-01
 1865.8334  0.463867E-01
 1865.9166  0.328674E-01
 1866.0000  0.664368E-01
 1866.0834  0.395203E-01
 1866.1666  0.249023E-01
 1866.2500  0.421143E-01
 1866.3334  0.263977E-01
 1866.4166  0.277405E-01
 1866.5000  0.118713E-01
 1866.5834  0.128174E-01
 1866.6666  0.237732E-01
 1866.7500  0.498962E-01
 1866.8334  0.146790E-01
 1866.9166  0.325623E-01
 1867.0000  0.491333E-02
 1867.0834  0.133057E-01
 1867.1666  0.141907E-01
 1867.2500  0.119934E-01
 1867.3334  0.205078E-01
 1867.4166  0.213623E-02
 1867.5000  0.915527E-02
 1867.5834  0.145264E-01
 1867.6666  0.119019E-02
 1867.7500  0.839233E-02
 1867.8334  0.466003E-01
 1867.9166  0.985718E-02
 1868.0000  0.533142E-01
 1868.0834  0.363159E-02
 1868.1666 -0.479126E-02
 1868.2500  0.136108E-01
 1868.3334  0.390625E-02
 1868.4166 -0.234985E-02
 1868.5000  0.104675E-01
 1868.5834  0.723267E-02
 1868.6666  0.123901E-01
 1868.7500  0.680542E-02
 1868.8334  0.202942E-01
 1868.9166  0.371399E-01
 1869.0000  0.683289E-01
 1869.0834  0.221252E-01
 1869.1666  0.230103E-01
 1869.2500  0.158691E-02
 1869.3334  0.287170E-01
 1869.4166  0.384521E-01
 1869.5000  0.340576E-01
 1869.5834  0.329285E-01
 1869.6666  0.316772E-01
 1869.7500  0.564880E-01
 1869.8334  0.574951E-01
 1869.9166  0.706482E-01
 1870.0000  0.815125E-01
 1870.0834  0.417175E-01
 1870.1666  0.942993E-01
 1870.2500  0.448914E-01
 1870.3334  0.791016E-01
 1870.4166  0.101440    
 1870.5000  0.852661E-01
 1870.5834  0.834351E-01
 1870.6666  0.699768E-01
 1870.7500  0.578003E-01
 1870.8334  0.657959E-01
 1870.9166  0.679626E-01
 1871.0000  0.101715    
 1871.0834  0.696106E-01
 1871.1666  0.730896E-01
 1871.2500  0.639954E-01
 1871.3334  0.316162E-01
 1871.4166  0.365601E-01
 1871.5000  0.458679E-01
 1871.5834  0.447388E-01
 1871.6666  0.314941E-01
 1871.7500  0.391846E-01
 1871.8334  0.386963E-01
 1871.9166  0.462646E-01
 1872.0000  0.873413E-01
 1872.0834  0.422058E-01
 1872.1666  0.495911E-01
 1872.2500  0.381470E-02
 1872.3334  0.363159E-01
 1872.4166  0.378418E-01
 1872.5000  0.502625E-01
 1872.5834  0.671387E-01
 1872.6666  0.557861E-01
 1872.7500  0.849915E-01
 1872.8334  0.914917E-01
 1872.9166  0.793457E-01
 1873.0000  0.125519    
 1873.0834  0.983276E-01
 1873.1666  0.119995    
 1873.2500  0.114807    
 1873.3334  0.103790    
 1873.4166  0.746460E-01
 1873.5000  0.732727E-01
 1873.5834  0.868225E-01
 1873.6666  0.517883E-01
 1873.7500  0.114990    
 1873.8334  0.106689    
 1873.9166  0.912476E-01
 1874.0000  0.939331E-01
 1874.0834  0.897217E-01
 1874.1666  0.106903    
 1874.2500  0.634155E-01
 1874.3334  0.544128E-01
 1874.4166  0.442505E-01
 1874.5000  0.478821E-01
 1874.5834  0.323181E-01
 1874.6666  0.329895E-01
 1874.7500  0.594788E-01
 1874.8334  0.466003E-01
 1874.9166  0.704651E-01
 1875.0000  0.968323E-01
 1875.0834  0.573120E-01
 1875.1666  0.402832E-01
 1875.2500  0.415039E-01
 1875.3334  0.144959E-01
 1875.4166  0.166321E-01
 1875.5000  0.146790E-01
 1875.5834  0.190125E-01
 1875.6666  0.283813E-01
 1875.7500  0.422974E-01
 1875.8334  0.742798E-01
 1875.9166  0.454407E-01
 1876.0000  0.302124E-01
 1876.0834  0.539246E-01
 1876.1666  0.255127E-01
 1876.2500  0.133057E-01
 1876.3334  0.195007E-01
 1876.4166  0.142517E-01
 1876.5000  0.249634E-01
 1876.5834  0.162354E-01
 1876.6666  0.689697E-02
 1876.7500  0.193787E-01
 1876.8334  0.487976E-01
 1876.9166  0.440674E-01
 1877.0000  0.325317E-01
 1877.0834  0.668335E-01
 1877.1666  0.498962E-01
 1877.2500  0.574036E-01
 1877.3334  0.184021E-01
 1877.4166  0.194397E-01
 1877.5000  0.335693E-01
 1877.5834 -0.155640E-01
 1877.6666  0.301819E-01
 1877.7500  0.337830E-01
 1877.8334  0.281982E-01
 1877.9166  0.366516E-01
 1878.0000  0.136414E-01
 1878.0834 -0.133667E-01
 1878.1666 -0.988770E-02
 1878.2500  0.157166E-01
 1878.3334  0.177002E-01
 1878.4166  0.196533E-01
 1878.5000 -0.393677E-02
 1878.5834  0.640869E-03
 1878.6666  0.939941E-02
 1878.7500  0.173035E-01
 1878.8334  0.234985E-01
 1878.9166  0.294495E-01
 1879.0000  0.601196E-02
 1879.0834 -0.357056E-02
 1879.1666  0.318909E-01
 1879.2500 -0.163879E-01
 1879.3334 -0.189209E-02
 1879.4166 -0.144653E-01
 1879.5000 -0.314331E-02
 1879.5834 -0.121765E-01
 1879.6666  0.918579E-02
 1879.7500  0.263062E-01
 1879.8334  0.152893E-01
 1879.9166  0.201416E-01
 1880.0000  0.267334E-01
 1880.0834  0.267334E-01
 1880.1666  0.280762E-02
 1880.2500  0.303955E-01
 1880.3334  0.179138E-01
 1880.4166  0.272522E-01
 1880.5000  0.325623E-01
 1880.5834  0.574341E-01
 1880.6666  0.531006E-01
 1880.7500  0.549927E-01
 1880.8334  0.713806E-01
 1880.9166  0.683594E-01
 1881.0000  0.587158E-01
 1881.0834  0.115051E-01
 1881.1666  0.185852E-01
 1881.2500  0.204163E-01
 1881.3334  0.422974E-01
 1881.4166  0.415344E-01
 1881.5000  0.695801E-02
 1881.5834  0.228271E-01
 1881.6666  0.136719E-01
 1881.7500  0.274048E-01
 1881.8334  0.376892E-01
 1881.9166  0.128479E-01
 1882.0000 -0.206604E-01
 1882.0834  0.473022E-02
 1882.1666 -0.222168E-01
 1882.2500 -0.248108E-01
 1882.3334 -0.167847E-01
 1882.4166 -0.415039E-02
 1882.5000 -0.192261E-01
 1882.5834  0.582886E-02
 1882.6666 -0.360107E-02
 1882.7500  0.747681E-02
 1882.8334  0.451965E-01
 1882.9166  0.985718E-02
 1883.0000  0.379334E-01
 1883.0834  0.182190E-01
 1883.1666  0.439453E-02
 1883.2500 -0.189209E-02
 1883.3334 -0.338745E-02
 1883.4166 -0.158386E-01
 1883.5000 -0.144348E-01
 1883.5834 -0.756836E-02
 1883.6666 -0.422058E-01
 1883.7500 -0.775146E-01
 1883.8334 -0.123505    
 1883.9166 -0.192444    
 1884.0000 -0.206177    
 1884.0834 -0.213776    
 1884.1666 -0.259705    
 1884.2500 -0.299896    
 1884.3334 -0.355591    
 1884.4166 -0.372559    
 1884.5000 -0.388519    
 1884.5834 -0.394287    
 1884.6666 -0.411407    
 1884.7500 -0.413208    
 1884.8334 -0.396301    
 1884.9166 -0.374359    
 1885.0000 -0.333679    
 1885.0834 -0.339691    
 1885.1666 -0.316803    
 1885.2500 -0.306610    
 1885.3334 -0.316284    
 1885.4166 -0.310944    
 1885.5000 -0.300323    
 1885.5834 -0.314880    
 1885.6666 -0.329102    
 1885.7500 -0.330505    
 1885.8334 -0.344727    
 1885.9166 -0.343750    
 1886.0000 -0.314972    
 1886.0834 -0.283295    
 1886.1666 -0.282501    
 1886.2500 -0.275604    
 1886.3334 -0.249084    
 1886.4166 -0.235840    
 1886.5000 -0.237244    
 1886.5834 -0.227966    
 1886.6666 -0.247406    
 1886.7500 -0.262695    
 1886.8334 -0.291321    
 1886.9166 -0.269531    
 1887.0000 -0.248962    
 1887.0834 -0.259583    
 1887.1666 -0.257599    
 1887.2500 -0.234985    
 1887.3334 -0.211884    
 1887.4166 -0.203766    
 1887.5000 -0.218231    
 1887.5834 -0.222778    
 1887.6666 -0.209503    
 1887.7500 -0.203400    
 1887.8334 -0.215607    
 1887.9166 -0.193634    
 1888.0000 -0.187378    
 1888.0834 -0.201385    
 1888.1666 -0.183197    
 1888.2500 -0.178192    
 1888.3334 -0.165100    
 1888.4166 -0.133850    
 1888.5000 -0.136139    
 1888.5834 -0.146179    
 1888.6666 -0.161224    
 1888.7500 -0.170898    
 1888.8334 -0.194519    
 1888.9166 -0.191437    
 1889.0000 -0.210876    
 1889.0834 -0.210571    
 1889.1666 -0.213806    
 1889.2500 -0.225586    
 1889.3334 -0.189392    
 1889.4166 -0.178741    
 1889.5000 -0.167145    
 1889.5834 -0.169281    
 1889.6666 -0.186127    
 1889.7500 -0.195618    
 1889.8334 -0.188812    
 1889.9166 -0.183746    
 1890.0000 -0.199280    
 1890.0834 -0.171692    
 1890.1666 -0.169006    
 1890.2500 -0.163605    
 1890.3334 -0.193085    
 1890.4166 -0.190247    
 1890.5000 -0.239319    
 1890.5834 -0.243286    
 1890.6666 -0.245422    
 1890.7500 -0.244415    
 1890.8334 -0.240112    
 1890.9166 -0.231842    
 1891.0000 -0.226868    
 1891.0834 -0.230377    
 1891.1666 -0.226288    
 1891.2500 -0.222595    
 1891.3334 -0.240906    
 1891.4166 -0.213562    
 1891.5000 -0.201630    
 1891.5834 -0.212067    
 1891.6666 -0.200928    
 1891.7500 -0.196594    
 1891.8334 -0.201324    
 1891.9166 -0.180237    
 1892.0000 -0.153473    
 1892.0834 -0.181183    
 1892.1666 -0.150787    
 1892.2500 -0.143097    
 1892.3334 -0.169800    
 1892.4166 -0.179749    
 1892.5000 -0.159424    
 1892.5834 -0.159760    
 1892.6666 -0.181122    
 1892.7500 -0.178009    
 1892.8334 -0.214325    
 1892.9166 -0.143341    
 1893.0000 -0.138275    
 1893.0834 -0.115082    
 1893.1666 -0.128601    
 1893.2500 -0.115112    
 1893.3334 -0.110199    
 1893.4166 -0.970459E-01
 1893.5000 -0.105927    
 1893.5834 -0.112976    
 1893.6666 -0.143005    
 1893.7500 -0.136597    
 1893.8334 -0.105011    
 1893.9166 -0.120544    
 1894.0000 -0.114166    
 1894.0834 -0.121368    
 1894.1666 -0.827026E-01
 1894.2500 -0.114197    
 1894.3334 -0.113495    
 1894.4166 -0.808411E-01
 1894.5000 -0.806274E-01
 1894.5834 -0.747681E-01
 1894.6666 -0.618286E-01
 1894.7500 -0.644226E-01
 1894.8334 -0.113922    
 1894.9166 -0.995483E-01
 1895.0000 -0.735779E-01
 1895.0834 -0.110565    
 1895.1666 -0.114899    
 1895.2500 -0.660095E-01
 1895.3334 -0.571899E-01
 1895.4166 -0.459595E-01
 1895.5000 -0.747375E-01
 1895.5834 -0.491638E-01
 1895.6666 -0.526123E-01
 1895.7500 -0.337219E-01
 1895.8334 -0.304260E-01
 1895.9166 -0.474548E-01
 1896.0000 -0.232849E-01
 1896.0834 -0.106812E-01
 1896.1666 -0.201111E-01
 1896.2500 -0.191956E-01
 1896.3334 -0.129089E-01
 1896.4166 -0.147400E-01
 1896.5000 -0.233459E-01
 1896.5834 -0.221863E-01
 1896.6666 -0.128174E-01
 1896.7500 -0.513000E-01
 1896.8334 -0.274048E-01
 1896.9166 -0.133362E-01
 1897.0000 -0.255737E-01
 1897.0834 -0.292664E-01
 1897.1666 -0.490112E-01
 1897.2500 -0.383911E-01
 1897.3334 -0.343933E-01
 1897.4166 -0.184631E-01
 1897.5000 -0.205383E-01
 1897.5834 -0.241699E-01
 1897.6666 -0.234070E-01
 1897.7500 -0.565186E-01
 1897.8334 -0.454102E-01
 1897.9166 -0.363159E-02
 1898.0000 -0.589600E-01
 1898.0834 -0.465698E-01
 1898.1666 -0.555115E-01
 1898.2500 -0.427856E-01
 1898.3334 -0.501099E-01
 1898.4166 -0.529480E-01
 1898.5000 -0.683289E-01
 1898.5834 -0.597839E-01
 1898.6666 -0.443115E-01
 1898.7500 -0.440063E-01
 1898.8334 -0.453186E-01
 1898.9166 -0.483398E-01
 1899.0000 -0.623779E-01
 1899.0834 -0.851746E-01
 1899.1666 -0.440979E-01
 1899.2500 -0.667114E-01
 1899.3334 -0.803833E-01
 1899.4166 -0.722656E-01
 1899.5000 -0.578308E-01
 1899.5834 -0.569763E-01
 1899.6666 -0.630188E-01
 1899.7500 -0.342102E-01
 1899.8334 -0.572205E-01
 1899.9166 -0.635376E-01
 1900.0000 -0.160828E-01
 1900.0834 -0.362854E-01
 1900.1666 -0.399170E-01
 1900.2500 -0.591125E-01
 1900.3334 -0.230103E-01
 1900.4166 -0.327454E-01
 1900.5000 -0.232239E-01
 1900.5834 -0.133667E-01
 1900.6666 -0.872803E-02
 1900.7500 -0.256958E-01
 1900.8334 -0.222778E-02
 1900.9166  0.915527E-02
 1901.0000  0.123291E-01
 1901.0834 -0.147705E-01
 1901.1666 -0.329590E-02
 1901.2500  0.100098E-01
 1901.3334 -0.430298E-02
 1901.4166 -0.775146E-02
 1901.5000 -0.268250E-01
 1901.5834 -0.192871E-01
 1901.6666 -0.140991E-01
 1901.7500  0.101929E-01
 1901.8334  0.185852E-01
 1901.9166  0.546265E-02
 1902.0000  0.451660E-02
 1902.0834  0.381470E-02
 1902.1666 -0.259094E-01
 1902.2500 -0.203857E-01
 1902.3334 -0.216064E-01
 1902.4166 -0.213623E-01
 1902.5000 -0.552368E-02
 1902.5834 -0.373840E-01
 1902.6666 -0.130005E-01
 1902.7500 -0.436096E-01
 1902.8334 -0.685120E-01
 1902.9166 -0.816345E-01
 1903.0000 -0.116486    
 1903.0834 -0.143768    
 1903.1666 -0.161102    
 1903.2500 -0.182983    
 1903.3334 -0.232300    
 1903.4166 -0.249847    
 1903.5000 -0.243225    
 1903.5834 -0.259369    
 1903.6666 -0.270325    
 1903.7500 -0.291107    
 1903.8334 -0.256104    
 1903.9166 -0.271454    
 1904.0000 -0.225983    
 1904.0834 -0.199066    
 1904.1666 -0.210388    
 1904.2500 -0.219513    
 1904.3334 -0.222687    
 1904.4166 -0.220551    
 1904.5000 -0.199738    
 1904.5834 -0.179565    
 1904.6666 -0.186310    
 1904.7500 -0.215820    
 1904.8334 -0.182404    
 1904.9166 -0.160156    
 1905.0000 -0.159668    
 1905.0834 -0.189178    
 1905.1666 -0.147003    
 1905.2500 -0.136108    
 1905.3334 -0.140900    
 1905.4166 -0.116455    
 1905.5000 -0.116943    
 1905.5834 -0.106659    
 1905.6666 -0.888062E-01
 1905.7500 -0.100616    
 1905.8334 -0.828247E-01
 1905.9166 -0.706482E-01
 1906.0000 -0.474854E-01
 1906.0834 -0.784912E-01
 1906.1666 -0.729065E-01
 1906.2500 -0.515137E-01
 1906.3334 -0.980835E-01
 1906.4166 -0.749512E-01
 1906.5000 -0.730286E-01
 1906.5834 -0.811768E-01
 1906.6666 -0.101410    
 1906.7500 -0.932007E-01
 1906.8334 -0.950012E-01
 1906.9166 -0.777588E-01
 1907.0000 -0.119781    
 1907.0834 -0.134369    
 1907.1666 -0.100006    
 1907.2500 -0.111389    
 1907.3334 -0.129883    
 1907.4166 -0.929565E-01
 1907.5000 -0.116028    
 1907.5834 -0.120667    
 1907.6666 -0.109009    
 1907.7500 -0.895996E-01
 1907.8334 -0.808105E-01
 1907.9166 -0.324402E-01
 1908.0000 -0.284729E-01
 1908.0834 -0.500793E-01
 1908.1666 -0.256958E-01
 1908.2500 -0.581970E-01
 1908.3334 -0.451965E-01
 1908.4166 -0.368652E-01
 1908.5000 -0.396423E-01
 1908.5834 -0.654602E-01
 1908.6666 -0.513000E-01
 1908.7500 -0.198975E-01
 1908.8334 -0.327148E-01
 1908.9166 -0.317383E-01
 1909.0000 -0.115967E-02
 1909.0834 -0.107727E-01
 1909.1666 -0.549316E-02
 1909.2500  0.769043E-02
 1909.3334 -0.199890E-01
 1909.4166 -0.546265E-02
 1909.5000 -0.219421E-01
 1909.5834 -0.323792E-01
 1909.6666 -0.528259E-01
 1909.7500 -0.486145E-01
 1909.8334 -0.320129E-01
 1909.9166 -0.412598E-01
 1910.0000 -0.494690E-01
 1910.0834 -0.292664E-01
 1910.1666 -0.134888E-01
 1910.2500 -0.219727E-02
 1910.3334 -0.509644E-02
 1910.4166 -0.321655E-01
 1910.5000 -0.280457E-01
 1910.5834 -0.374756E-01
 1910.6666 -0.441284E-01
 1910.7500 -0.314941E-01
 1910.8334 -0.271606E-02
 1910.9166 -0.282593E-01
 1911.0000 -0.413818E-01
 1911.0834 -0.285950E-01
 1911.1666 -0.350037E-01
 1911.2500 -0.209961E-01
 1911.3334  0.860596E-02
 1911.4166  0.735474E-02
 1911.5000  0.304565E-01
 1911.5834 -0.216675E-02
 1911.6666 -0.124207E-01
 1911.7500 -0.205994E-01
 1911.8334 -0.915527E-03
 1911.9166 -0.119324E-01
 1912.0000  0.244141E-02
 1912.0834  0.220337E-01
 1912.1666 -0.110168E-01
 1912.2500 -0.234985E-01
 1912.3334 -0.171814E-01
 1912.4166 -0.364685E-01
 1912.5000 -0.761414E-01
 1912.5834 -0.115967    
 1912.6666 -0.126221    
 1912.7500 -0.154694    
 1912.8334 -0.130524    
 1912.9166 -0.107147    
 1913.0000 -0.838623E-01
 1913.0834 -0.114868    
 1913.1666 -0.133301    
 1913.2500 -0.118286    
 1913.3334 -0.115906    
 1913.4166 -0.114563    
 1913.5000 -0.125336    
 1913.5834 -0.112274    
 1913.6666 -0.104614    
 1913.7500 -0.104095    
 1913.8334 -0.951233E-01
 1913.9166 -0.907593E-01
 1914.0000 -0.558777E-01
 1914.0834 -0.450745E-01
 1914.1666 -0.486145E-01
 1914.2500 -0.635986E-01
 1914.3334 -0.494080E-01
 1914.4166 -0.581665E-01
 1914.5000 -0.251465E-01
 1914.5834 -0.378723E-01
 1914.6666 -0.714111E-01
 1914.7500 -0.678101E-01
 1914.8334 -0.828247E-01
 1914.9166 -0.444336E-01
 1915.0000 -0.383606E-01
 1915.0834 -0.278931E-01
 1915.1666 -0.289001E-01
 1915.2500 -0.306091E-01
 1915.3334 -0.368042E-01
 1915.4166 -0.695801E-02
 1915.5000  0.854492E-03
 1915.5834 -0.105591E-01
 1915.6666 -0.237122E-01
 1915.7500 -0.343933E-01
 1915.8334 -0.150146E-01
 1915.9166 -0.226440E-01
 1916.0000  0.332642E-02
 1916.0834  0.220337E-01
 1916.1666 -0.320435E-02
 1916.2500 -0.219727E-02
 1916.3334 -0.198975E-01
 1916.4166 -0.184631E-01
 1916.5000  0.625610E-02
 1916.5834 -0.141602E-01
 1916.6666  0.107727E-01
 1916.7500  0.817871E-02
 1916.8334 -0.109863E-02
 1916.9166  0.342407E-01
 1917.0000  0.127258E-01
 1917.0834  0.160217E-01
 1917.1666  0.199890E-01
 1917.2500  0.198975E-01
 1917.3334  0.258179E-01
 1917.4166  0.454712E-02
 1917.5000  0.130615E-01
 1917.5834  0.396118E-01
 1917.6666  0.160828E-01
 1917.7500  0.769043E-02
 1917.8334  0.527954E-01
 1917.9166  0.655518E-01
 1918.0000  0.581360E-01
 1918.0834  0.635071E-01
 1918.1666  0.591125E-01
 1918.2500  0.504150E-01
 1918.3334  0.437927E-01
 1918.4166  0.344849E-02
 1918.5000  0.686646E-02
 1918.5834  0.129395E-01
 1918.6666  0.354004E-01
 1918.7500  0.119019E-01
 1918.8334  0.166016E-01
 1918.9166 -0.160522E-01
 1919.0000 -0.110779E-01
 1919.0834  0.183105E-02
 1919.1666  0.104065E-01
 1919.2500  0.426025E-01
 1919.3334  0.209961E-01
 1919.4166  0.604248E-02
 1919.5000  0.244751E-01
 1919.5834  0.146179E-01
 1919.6666  0.334778E-01
 1919.7500  0.621948E-01
 1919.8334  0.662842E-01
 1919.9166  0.739441E-01
 1920.0000  0.269165E-01
 1920.0834  0.395203E-01
 1920.1666  0.252991E-01
 1920.2500  0.452881E-01
 1920.3334  0.559082E-01
 1920.4166  0.369568E-01
 1920.5000  0.248718E-01
 1920.5834  0.183411E-01
 1920.6666  0.708008E-02
 1920.7500  0.148010E-01
 1920.8334  0.192871E-01
 1920.9166  0.167542E-01
 1921.0000  0.182190E-01
 1921.0834  0.267334E-01
 1921.1666  0.505981E-01
 1921.2500  0.202026E-01
 1921.3334  0.701904E-03
 1921.4166  0.265503E-01
 1921.5000  0.416565E-01
 1921.5834  0.231323E-01
 1921.6666  0.315857E-01
 1921.7500  0.628052E-01
 1921.8334  0.485840E-01
 1921.9166  0.417480E-01
 1922.0000  0.442200E-01
 1922.0834  0.540161E-01
 1922.1666  0.426025E-01
 1922.2500  0.520935E-01
 1922.3334  0.482178E-01
 1922.4166  0.559387E-01
 1922.5000  0.454712E-01
 1922.5834  0.449219E-01
 1922.6666  0.609741E-01
 1922.7500  0.343018E-01
 1922.8334  0.586853E-01
 1922.9166  0.275574E-01
 1923.0000 -0.708008E-02
 1923.0834  0.320129E-01
 1923.1666  0.350952E-01
 1923.2500  0.145874E-01
 1923.3334  0.311890E-01
 1923.4166  0.289612E-01
 1923.5000  0.624695E-01
 1923.5834  0.442200E-01
 1923.6666  0.340881E-01
 1923.7500  0.588989E-01
 1923.8334  0.180969E-01
 1923.9166  0.442505E-01
 1924.0000  0.248413E-01
 1924.0834  0.326233E-01
 1924.1666  0.636902E-01
 1924.2500  0.556030E-01
 1924.3334  0.529175E-01
 1924.4166  0.647583E-01
 1924.5000  0.364685E-01
 1924.5834  0.420227E-01
 1924.6666  0.331726E-01
 1924.7500  0.540771E-01
 1924.8334  0.765991E-01
 1924.9166  0.528564E-01
 1925.0000  0.146179E-01
 1925.0834  0.802612E-02
 1925.1666  0.300903E-01
 1925.2500 -0.601196E-02
 1925.3334  0.229187E-01
 1925.4166  0.197449E-01
 1925.5000  0.231628E-01
 1925.5834 -0.157776E-01
 1925.6666  0.190735E-01
 1925.7500 -0.210571E-02
 1925.8334  0.848389E-02
 1925.9166  0.388489E-01
 1926.0000  0.288391E-01
 1926.0834  0.502319E-01
 1926.1666  0.324097E-01
 1926.2500  0.292969E-01
 1926.3334  0.476990E-01
 1926.4166  0.541382E-01
 1926.5000  0.711670E-01
 1926.5834  0.533142E-01
 1926.6666  0.258789E-01
 1926.7500  0.310974E-01
 1926.8334  0.503845E-01
 1926.9166  0.451660E-01
 1927.0000  0.547180E-01
 1927.0834  0.687256E-01
 1927.1666  0.545959E-01
 1927.2500  0.421143E-01
 1927.3334  0.530090E-01
 1927.4166  0.631409E-01
 1927.5000  0.545654E-01
 1927.5834  0.792236E-01
 1927.6666  0.873718E-01
 1927.7500  0.594788E-01
 1927.8334  0.694885E-01
 1927.9166  0.740662E-01
 1928.0000  0.790405E-01
 1928.0834  0.673218E-01
 1928.1666  0.650024E-01
 1928.2500  0.899048E-01
 1928.3334  0.831909E-01
 1928.4166  0.788574E-01
 1928.5000  0.608826E-01
 1928.5834  0.724182E-01
 1928.6666  0.580750E-01
 1928.7500  0.448914E-01
 1928.8334  0.726013E-01
 1928.9166  0.997620E-01
 1929.0000  0.887146E-01
 1929.0834  0.105316    
 1929.1666  0.103790    
 1929.2500  0.887146E-01
 1929.3334  0.765076E-01
 1929.4166  0.465393E-01
 1929.5000  0.503540E-01
 1929.5834  0.295410E-01
 1929.6666  0.475769E-01
 1929.7500  0.252991E-01
 1929.8334  0.787354E-02
 1929.9166  0.451660E-01
 1930.0000  0.362244E-01
 1930.0834  0.358276E-01
 1930.1666  0.278015E-01
 1930.2500  0.285034E-01
 1930.3334  0.130920E-01
 1930.4166 -0.141602E-01
 1930.5000 -0.158386E-01
 1930.5834 -0.228882E-02
 1930.6666  0.185852E-01
 1930.7500  0.513000E-01
 1930.8334  0.301819E-01
 1930.9166  0.518494E-01
 1931.0000  0.103760E-02
 1931.0834  0.249329E-01
 1931.1666  0.162964E-01
 1931.2500  0.152893E-01
 1931.3334  0.303955E-01
 1931.4166  0.335693E-03
 1931.5000  0.254822E-01
 1931.5834  0.242310E-01
 1931.6666  0.291748E-01
 1931.7500  0.393982E-01
 1931.8334  0.382996E-01
 1931.9166  0.685425E-01
 1932.0000  0.603333E-01
 1932.0834  0.727234E-01
 1932.1666  0.621948E-01
 1932.2500  0.553894E-01
 1932.3334  0.415955E-01
 1932.4166  0.198364E-01
 1932.5000  0.430603E-01
 1932.5834  0.442200E-01
 1932.6666  0.527954E-01
 1932.7500  0.357971E-01
 1932.8334  0.432739E-01
 1932.9166  0.539551E-01
 1933.0000  0.457153E-01
 1933.0834  0.329285E-01
 1933.1666  0.160828E-01
 1933.2500  0.155945E-01
 1933.3334  0.248108E-01
 1933.4166  0.220337E-01
 1933.5000  0.425720E-01
 1933.5834  0.291138E-01
 1933.6666  0.217896E-01
 1933.7500  0.120850E-01
 1933.8334  0.422974E-01
 1933.9166  0.308533E-01
 1934.0000  0.603333E-01
 1934.0834  0.258179E-01
 1934.1666  0.433044E-01
 1934.2500  0.561523E-02
 1934.3334  0.198059E-01
 1934.4166  0.665283E-02
 1934.5000  0.221558E-01
 1934.5834  0.842285E-02
 1934.6666  0.429993E-01
 1934.7500  0.151978E-01
 1934.8334  0.374756E-01
 1934.9166  0.110474E-01
 1935.0000  0.225220E-01
 1935.0834  0.109253E-01
 1935.1666 -0.125122E-01
 1935.2500 -0.659180E-02
 1935.3334 -0.619507E-02
 1935.4166 -0.269470E-01
 1935.5000 -0.363159E-02
 1935.5834  0.252380E-01
 1935.6666  0.915527E-04
 1935.7500  0.169983E-01
 1935.8334  0.271912E-01
 1935.9166  0.339661E-01
 1936.0000  0.302124E-01
 1936.0834  0.358276E-01
 1936.1666  0.238953E-01
 1936.2500  0.750732E-02
 1936.3334  0.110168E-01
 1936.4166  0.402527E-01
 1936.5000  0.102539E-01
 1936.5834  0.216370E-01
 1936.6666  0.195923E-01
 1936.7500  0.209045E-01
 1936.8334  0.547791E-01
 1936.9166  0.229492E-01
 1937.0000  0.131226E-01
 1937.0834  0.293274E-01
 1937.1666  0.622864E-01
 1937.2500  0.468140E-01
 1937.3334  0.484009E-01
 1937.4166  0.376587E-01
 1937.5000  0.330811E-01
 1937.5834  0.422363E-01
 1937.6666  0.563965E-01
 1937.7500  0.776062E-01
 1937.8334  0.706787E-01
 1937.9166  0.568542E-01
 1938.0000  0.644226E-01
 1938.0834  0.765076E-01
 1938.1666  0.813904E-01
 1938.2500  0.491028E-01
 1938.3334  0.386047E-01
 1938.4166  0.567322E-01
 1938.5000  0.690613E-01
 1938.5834  0.790405E-01
 1938.6666  0.693970E-01
 1938.7500  0.354919E-01
 1938.8334  0.606995E-01
 1938.9166  0.441589E-01
 1939.0000  0.352173E-01
 1939.0834  0.563049E-01
 1939.1666  0.382996E-01
 1939.2500  0.552063E-01
 1939.3334  0.614929E-01
 1939.4166  0.527344E-01
 1939.5000  0.673828E-01
 1939.5834  0.641174E-01
 1939.6666  0.811768E-01
 1939.7500  0.102386    
 1939.8334  0.781860E-01
 1939.9166  0.110962    
 1940.0000  0.890198E-01
 1940.0834  0.114807    
 1940.1666  0.727844E-01
 1940.2500  0.616150E-01
 1940.3334  0.754089E-01
 1940.4166  0.754395E-01
 1940.5000  0.782776E-01
 1940.5834  0.773315E-01
 1940.6666  0.748901E-01
 1940.7500  0.724792E-01
 1940.8334  0.816956E-01
 1940.9166  0.966492E-01
 1941.0000  0.109833    
 1941.0834  0.967102E-01
 1941.1666  0.880127E-01
 1941.2500  0.124908    
 1941.3334  0.989075E-01
 1941.4166  0.112244    
 1941.5000  0.122681    
 1941.5834  0.103516    
 1941.6666  0.911865E-01
 1941.7500  0.955811E-01
 1941.8334  0.112488    
 1941.9166  0.902405E-01
 1942.0000  0.105713    
 1942.0834  0.822144E-01
 1942.1666  0.615845E-01
 1942.2500  0.718994E-01
 1942.3334  0.700073E-01
 1942.4166  0.873413E-01
 1942.5000  0.106171    
 1942.5834  0.100433    
 1942.6666  0.879822E-01
 1942.7500  0.798950E-01
 1942.8334  0.567932E-01
 1942.9166  0.107147    
 1943.0000  0.620117E-01
 1943.0834  0.820313E-01
 1943.1666  0.992126E-01
 1943.2500  0.942993E-01
 1943.3334  0.746155E-01
 1943.4166  0.640564E-01
 1943.5000  0.592651E-01
 1943.5834  0.421143E-01
 1943.6666  0.528870E-01
 1943.7500  0.608826E-01
 1943.8334  0.588989E-01
 1943.9166  0.320435E-01
 1944.0000  0.560303E-01
 1944.0834  0.314331E-01
 1944.1666  0.441895E-01
 1944.2500  0.264893E-01
 1944.3334  0.453186E-01
 1944.4166  0.522461E-01
 1944.5000  0.391541E-01
 1944.5834  0.486145E-01
 1944.6666  0.424805E-01
 1944.7500  0.410767E-01
 1944.8334  0.686951E-01
 1944.9166  0.656433E-01
 1945.0000  0.554199E-01
 1945.0834  0.327148E-01
 1945.1666  0.454102E-01
 1945.2500  0.593872E-01
 1945.3334  0.628967E-01
 1945.4166  0.686340E-01
 1945.5000  0.531616E-01
 1945.5834  0.837402E-01
 1945.6666  0.880737E-01
 1945.7500  0.932922E-01
 1945.8334  0.109375    
 1945.9166  0.862427E-01
 1946.0000  0.982361E-01
 1946.0834  0.131531    
 1946.1666  0.850830E-01
 1946.2500  0.102295    
 1946.3334  0.102112    
 1946.4166  0.932617E-01
 1946.5000  0.907593E-01
 1946.5834  0.104431    
 1946.6666  0.934753E-01
 1946.7500  0.983887E-01
 1946.8334  0.107483    
 1946.9166  0.129059    
 1947.0000  0.135834    
 1947.0834  0.971069E-01
 1947.1666  0.946045E-01
 1947.2500  0.757141E-01
 1947.3334  0.801086E-01
 1947.4166  0.859375E-01
 1947.5000  0.886536E-01
 1947.5834  0.953369E-01
 1947.6666  0.797729E-01
 1947.7500  0.888977E-01
 1947.8334  0.612793E-01
 1947.9166  0.441589E-01
 1948.0000  0.502319E-01
 1948.0834  0.428162E-01
 1948.1666  0.483093E-01
 1948.2500  0.443115E-01
 1948.3334  0.488892E-01
 1948.4166  0.521545E-01
 1948.5000  0.875549E-01
 1948.5834  0.938110E-01
 1948.6666  0.983887E-01
 1948.7500  0.881042E-01
 1948.8334  0.103394    
 1948.9166  0.115265    
 1949.0000  0.123413    
 1949.0834  0.102509    
 1949.1666  0.100800    
 1949.2500  0.102386    
 1949.3334  0.112000    
 1949.4166  0.116333    
 1949.5000  0.115784    
 1949.5834  0.102814    
 1949.6666  0.883789E-01
 1949.7500  0.104706    
 1949.8334  0.105774    
 1949.9166  0.729675E-01
 1950.0000  0.578308E-01
 1950.0834  0.758057E-01
 1950.1666  0.628052E-01
 1950.2500  0.625000E-01
 1950.3334  0.591125E-01
 1950.4166  0.797424E-01
 1950.5000  0.814819E-01
 1950.5834  0.888367E-01
 1950.6666  0.703735E-01
 1950.7500  0.783997E-01
 1950.8334  0.554810E-01
 1950.9166  0.674438E-01
 1951.0000  0.981140E-01
 1951.0834  0.858154E-01
 1951.1666  0.595093E-01
 1951.2500  0.542908E-01
 1951.3334  0.595093E-01
 1951.4166  0.103760    
 1951.5000  0.952759E-01
 1951.5834  0.109039    
 1951.6666  0.696716E-01
 1951.7500  0.738831E-01
 1951.8334  0.896912E-01
 1951.9166  0.836487E-01
 1952.0000  0.622253E-01
 1952.0834  0.575256E-01
 1952.1666  0.626831E-01
 1952.2500  0.841064E-01
 1952.3334  0.737000E-01
 1952.4166  0.107239    
 1952.5000  0.100769    
 1952.5834  0.829163E-01
 1952.6666  0.824890E-01
 1952.7500  0.764771E-01
 1952.8334  0.645752E-01
 1952.9166  0.871582E-01
 1953.0000  0.991211E-01
 1953.0834  0.110321    
 1953.1666  0.917053E-01
 1953.2500  0.838013E-01
 1953.3334  0.111511    
 1953.4166  0.897522E-01
 1953.5000  0.878601E-01
 1953.5834  0.714111E-01
 1953.6666  0.452881E-01
 1953.7500  0.408936E-01
 1953.8334  0.448914E-01
 1953.9166  0.298462E-01
 1954.0000  0.244141E-01
 1954.0834  0.447083E-01
 1954.1666  0.574951E-01
 1954.2500  0.830078E-02
 1954.3334  0.215149E-01
 1954.4166  0.452576E-01
 1954.5000  0.558777E-01
 1954.5834  0.429382E-01
 1954.6666  0.753784E-01
 1954.7500  0.485840E-01
 1954.8334  0.260010E-01
 1954.9166  0.461426E-01
 1955.0000  0.752258E-01
 1955.0834  0.766296E-01
 1955.1666  0.855103E-01
 1955.2500  0.676880E-01
 1955.3334  0.631104E-01
 1955.4166  0.931396E-01
 1955.5000  0.906677E-01
 1955.5834  0.961304E-01
 1955.6666  0.869751E-01
 1955.7500  0.706787E-01
 1955.8334  0.104279    
 1955.9166  0.909424E-01
 1956.0000  0.814209E-01
 1956.0834  0.926209E-01
 1956.1666  0.679932E-01
 1956.2500  0.364990E-01
 1956.3334  0.678101E-01
 1956.4166  0.766602E-01
 1956.5000  0.869751E-01
 1956.5834  0.648193E-01
 1956.6666  0.721741E-01
 1956.7500  0.688782E-01
 1956.8334  0.708008E-01
 1956.9166  0.501404E-01
 1957.0000  0.517273E-01
 1957.0834  0.496216E-01
 1957.1666  0.635986E-01
 1957.2500  0.715027E-01
 1957.3334  0.401917E-01
 1957.4166  0.580444E-01
 1957.5000  0.727539E-01
 1957.5834  0.741272E-01
 1957.6666  0.667725E-01
 1957.7500  0.868835E-01
 1957.8334  0.513916E-01
 1957.9166  0.623474E-01
 1958.0000  0.971375E-01
 1958.0834  0.983276E-01
 1958.1666  0.463867E-01
 1958.2500  0.408936E-01
 1958.3334  0.538025E-01
 1958.4166  0.750427E-01
 1958.5000  0.848694E-01
 1958.5834  0.760193E-01
 1958.6666  0.862732E-01
 1958.7500  0.986023E-01
 1958.8334  0.102875    
 1958.9166  0.116943    
 1959.0000  0.755310E-01
 1959.0834  0.755310E-01
 1959.1666  0.106903    
 1959.2500  0.863037E-01
 1959.3334  0.833130E-01
 1959.4166  0.101837    
 1959.5000  0.977783E-01
 1959.5834  0.930176E-01
 1959.6666  0.113892    
 1959.7500  0.871887E-01
 1959.8334  0.104492    
 1959.9166  0.543518E-01
 1960.0000  0.100616    
 1960.0834  0.751343E-01
 1960.1666  0.903015E-01
 1960.2500  0.917969E-01
 1960.3334  0.110718    
 1960.4166  0.107452    
 1960.5000  0.117676    
 1960.5834  0.112915    
 1960.6666  0.101685    
 1960.7500  0.919800E-01
 1960.8334  0.106781    
 1960.9166  0.100861    
 1961.0000  0.132538    
 1961.0834  0.950317E-01
 1961.1666  0.106689    
 1961.2500  0.122192    
 1961.3334  0.102692    
 1961.4166  0.969543E-01
 1961.5000  0.108368    
 1961.5834  0.101013    
 1961.6666  0.947876E-01
 1961.7500  0.115479    
 1961.8334  0.100281    
 1961.9166  0.130463    
 1962.0000  0.102936    
 1962.0834  0.121521    
 1962.1666  0.126495    
 1962.2500  0.102295    
 1962.3334  0.629883E-01
 1962.4166  0.840454E-01
 1962.5000  0.100769    
 1962.5834  0.842285E-01
 1962.6666  0.796814E-01
 1962.7500  0.766907E-01
 1962.8334  0.666809E-01
 1962.9166  0.591431E-01
 1963.0000  0.749207E-01
 1963.0834  0.648193E-01
 1963.1666  0.361023E-01
 1963.2500  0.216064E-01
 1963.3334 -0.979614E-02
 1963.4166 -0.328674E-01
 1963.5000 -0.349426E-01
 1963.5834 -0.338745E-01
 1963.6666 -0.438232E-01
 1963.7500 -0.659180E-01
 1963.8334 -0.100311    
 1963.9166 -0.893555E-01
 1964.0000 -0.125183    
 1964.0834 -0.120575    
 1964.1666 -0.106598    
 1964.2500 -0.136200    
 1964.3334 -0.144989    
 1964.4166 -0.126556    
 1964.5000 -0.147644    
 1964.5834 -0.139984    
 1964.6666 -0.149506    
 1964.7500 -0.148010    
 1964.8334 -0.154816    
 1964.9166 -0.140747    
 1965.0000 -0.170166    
 1965.0834 -0.154388    
 1965.1666 -0.165192    
 1965.2500 -0.140991    
 1965.3334 -0.127991    
 1965.4166 -0.128754    
 1965.5000 -0.132446    
 1965.5834 -0.136261    
 1965.6666 -0.130219    
 1965.7500 -0.120697    
 1965.8334 -0.114502    
 1965.9166 -0.104034    
 1966.0000 -0.114288    
 1966.0834 -0.144775    
 1966.1666 -0.134308    
 1966.2500 -0.118011    
 1966.3334 -0.112793    
 1966.4166 -0.136749    
 1966.5000 -0.133545    
 1966.5834 -0.106476    
 1966.6666 -0.101318    
 1966.7500 -0.738220E-01
 1966.8334 -0.895996E-01
 1966.9166 -0.101440    
 1967.0000 -0.867615E-01
 1967.0834 -0.744934E-01
 1967.1666 -0.928040E-01
 1967.2500 -0.508118E-01
 1967.3334 -0.755005E-01
 1967.4166 -0.671387E-01
 1967.5000 -0.598450E-01
 1967.5834 -0.736694E-01
 1967.6666 -0.596008E-01
 1967.7500 -0.986023E-01
 1967.8334 -0.859985E-01
 1967.9166 -0.969543E-01
 1968.0000 -0.843811E-01
 1968.0834 -0.101593    
 1968.1666 -0.107513    
 1968.2500 -0.898132E-01
 1968.3334 -0.571899E-01
 1968.4166 -0.894470E-01
 1968.5000 -0.592346E-01
 1968.5834 -0.613709E-01
 1968.6666 -0.630188E-01
 1968.7500 -0.821228E-01
 1968.8334 -0.867004E-01
 1968.9166 -0.750427E-01
 1969.0000 -0.871887E-01
 1969.0834 -0.567932E-01
 1969.1666 -0.786133E-01
 1969.2500 -0.559998E-01
 1969.3334 -0.564880E-01
 1969.4166 -0.859680E-01
 1969.5000 -0.651245E-01
 1969.5834 -0.683594E-01
 1969.6666 -0.411072E-01
 1969.7500 -0.373230E-01
 1969.8334 -0.420227E-01
 1969.9166 -0.437317E-01
 1970.0000 -0.257874E-01
 1970.0834 -0.936890E-02
 1970.1666 -0.253906E-01
 1970.2500 -0.190125E-01
 1970.3334 -0.297852E-01
 1970.4166 -0.289612E-01
 1970.5000 -0.178223E-01
 1970.5834 -0.150757E-01
 1970.6666  0.360107E-02
 1970.7500 -0.390625E-02
 1970.8334 -0.280762E-02
 1970.9166  0.610352E-04
 1971.0000  0.499268E-01
 1971.0834  0.212097E-01
 1971.1666  0.165100E-01
 1971.2500 -0.126953E-01
 1971.3334 -0.198364E-02
 1971.4166 -0.576782E-02
 1971.5000 -0.674438E-02
 1971.5834 -0.686646E-02
 1971.6666 -0.232239E-01
 1971.7500 -0.121155E-01
 1971.8334 -0.415039E-01
 1971.9166 -0.327454E-01
 1972.0000 -0.510864E-01
 1972.0834 -0.122681E-01
 1972.1666 -0.110168E-01
 1972.2500 -0.518799E-02
 1972.3334 -0.408936E-02
 1972.4166  0.127563E-01
 1972.5000  0.836182E-02
 1972.5834  0.143127E-01
 1972.6666  0.472717E-01
 1972.7500  0.448608E-02
 1972.8334 -0.366211E-01
 1972.9166 -0.231323E-01
 1973.0000  0.271606E-02
 1973.0834 -0.192871E-01
 1973.1666 -0.159912E-01
 1973.2500  0.979614E-02
 1973.3334  0.799561E-02
 1973.4166  0.235596E-01
 1973.5000  0.154724E-01
 1973.5834  0.156250E-01
 1973.6666  0.599976E-01
 1973.7500  0.433044E-01
 1973.8334  0.205994E-01
 1973.9166  0.823975E-02
 1974.0000  0.154114E-01
 1974.0834  0.409241E-01
 1974.1666  0.252075E-01
 1974.2500  0.397949E-01
 1974.3334  0.588989E-01
 1974.4166  0.365601E-01
 1974.5000  0.292664E-01
 1974.5834  0.556335E-01
 1974.6666  0.116882E-01
 1974.7500  0.357056E-01
 1974.8334  0.437012E-01
 1974.9166  0.434570E-01
 1975.0000  0.196228E-01
 1975.0834  0.601196E-02
 1975.1666 -0.163879E-01
 1975.2500 -0.653992E-01
 1975.3334 -0.304871E-01
 1975.4166 -0.487671E-01
 1975.5000 -0.501404E-01
 1975.5834 -0.606689E-01
 1975.6666 -0.788269E-01
 1975.7500 -0.591125E-01
 1975.8334 -0.812988E-01
 1975.9166 -0.616455E-01
 1976.0000 -0.416870E-01
 1976.0834 -0.751953E-01
 1976.1666 -0.759888E-01
 1976.2500 -0.791931E-01
 1976.3334 -0.646973E-01
 1976.4166 -0.438538E-01
 1976.5000 -0.478210E-01
 1976.5834 -0.366821E-01
 1976.6666 -0.338135E-01
 1976.7500 -0.281067E-01
 1976.8334 -0.532227E-01
 1976.9166 -0.704956E-02
 1977.0000  0.503540E-02
 1977.0834  0.711060E-02
 1977.1666  0.259094E-01
 1977.2500  0.365906E-01
 1977.3334  0.222168E-01
 1977.4166  0.430603E-01
 1977.5000  0.322571E-01
 1977.5834  0.286255E-01
 1977.6666  0.189819E-01
 1977.7500  0.328979E-01
 1977.8334  0.393982E-01
 1977.9166  0.361633E-01
 1978.0000  0.823975E-02
 1978.0834  0.429077E-01
 1978.1666  0.302124E-01
 1978.2500  0.419922E-01
 1978.3334  0.422974E-01
 1978.4166  0.276489E-01
 1978.5000  0.188599E-01
 1978.5834  0.242310E-01
 1978.6666  0.377808E-01
 1978.7500  0.397034E-01
 1978.8334  0.513916E-01
 1978.9166  0.387573E-01
 1979.0000  0.464172E-01
 1979.0834  0.317078E-01
 1979.1666  0.400085E-01
 1979.2500  0.506897E-01
 1979.3334  0.429077E-01
 1979.4166  0.348511E-01
 1979.5000  0.363770E-01
 1979.5834  0.458374E-01
 1979.6666  0.643921E-01
 1979.7500  0.615845E-01
 1979.8334  0.489807E-01
 1979.9166  0.837402E-01
 1980.0000  0.682373E-01
 1980.0834  0.498047E-01
 1980.1666  0.467834E-01
 1980.2500  0.368042E-01
 1980.3334  0.385132E-01
 1980.4166  0.285339E-01
 1980.5000  0.499573E-01
 1980.5834  0.655212E-01
 1980.6666  0.699768E-01
 1980.7500  0.698853E-01
 1980.8334  0.802002E-01
 1980.9166  0.766602E-01
 1981.0000  0.559387E-01
 1981.0834  0.704346E-01
 1981.1666  0.600891E-01
 1981.2500  0.425110E-01
 1981.3334  0.789185E-01
 1981.4166  0.668335E-01
 1981.5000  0.568542E-01
 1981.5834  0.607300E-01
 1981.6666  0.541992E-01
 1981.7500  0.606995E-01
 1981.8334  0.942993E-01
 1981.9166  0.108643    
 1982.0000  0.737305E-01
 1982.0834  0.843201E-01
 1982.1666  0.415955E-01
 1982.2500  0.199890E-01
 1982.3334 -0.460815E-02
 1982.4166 -0.263672E-01
 1982.5000 -0.541382E-01
 1982.5834 -0.607605E-01
 1982.6666 -0.921021E-01
 1982.7500 -0.971985E-01
 1982.8334 -0.960999E-01
 1982.9166 -0.121033    
 1983.0000 -0.122162    
 1983.0834 -0.978699E-01
 1983.1666 -0.123016    
 1983.2500 -0.161499    
 1983.3334 -0.168884    
 1983.4166 -0.194946    
 1983.5000 -0.178619    
 1983.5834 -0.166687    
 1983.6666 -0.180420    
 1983.7500 -0.163818    
 1983.8334 -0.163300    
 1983.9166 -0.135651    
 1984.0000 -0.116089    
 1984.0834 -0.973816E-01
 1984.1666 -0.142792    
 1984.2500 -0.128510    
 1984.3334 -0.111908    
 1984.4166 -0.105438    
 1984.5000 -0.990295E-01
 1984.5834 -0.825806E-01
 1984.6666 -0.730286E-01
 1984.7500 -0.861206E-01
 1984.8334 -0.662231E-01
 1984.9166 -0.419312E-01
 1985.0000 -0.461731E-01
 1985.0834 -0.494690E-01
 1985.1666 -0.487976E-01
 1985.2500 -0.469971E-01
 1985.3334 -0.575867E-01
 1985.4166 -0.573425E-01
 1985.5000 -0.682373E-01
 1985.5834 -0.488892E-01
 1985.6666 -0.656128E-01
 1985.7500 -0.617065E-01
 1985.8334 -0.360107E-01
 1985.9166 -0.288391E-01
 1986.0000 -0.547791E-01
 1986.0834 -0.783691E-01
 1986.1666 -0.306091E-01
 1986.2500 -0.624084E-01
 1986.3334 -0.597839E-01
 1986.4166 -0.696411E-01
 1986.5000 -0.508423E-01
 1986.5834 -0.365601E-01
 1986.6666 -0.211182E-01
 1986.7500  0.149536E-02
 1986.8334 -0.104980E-01
 1986.9166 -0.155334E-01
 1987.0000 -0.628662E-02
 1987.0834  0.100098E-01
 1987.1666  0.289917E-02
 1987.2500 -0.350952E-02
 1987.3334 -0.479126E-02
 1987.4166 -0.643921E-02
 1987.5000 -0.184326E-01
 1987.5834  0.122070E-03
 1987.6666  0.207520E-02
 1987.7500 -0.192261E-02
 1987.8334  0.778198E-02
 1987.9166  0.286865E-02
 1988.0000 -0.276794E-01
 1988.0834 -0.549316E-02
 1988.1666 -0.152893E-01
 1988.2500 -0.174866E-01
 1988.3334  0.909424E-02
 1988.4166  0.166321E-01
 1988.5000  0.241699E-01
 1988.5834  0.299377E-01
 1988.6666  0.282898E-01
 1988.7500  0.126953E-01
 1988.8334  0.409851E-01
 1988.9166  0.676575E-01
 1989.0000  0.632324E-01
 1989.0834  0.930786E-02
 1989.1666  0.369873E-01
 1989.2500  0.150146E-01
 1989.3334  0.430908E-01
 1989.4166  0.645447E-01
 1989.5000  0.572815E-01
 1989.5834  0.603333E-01
 1989.6666  0.395813E-01
 1989.7500  0.438843E-01
 1989.8334  0.682983E-01
 1989.9166  0.637512E-01
 1990.0000  0.429382E-01
 1990.0834  0.672302E-01
 1990.1666  0.516052E-01
 1990.2500  0.523071E-01
 1990.3334  0.455933E-01
 1990.4166  0.303345E-01
 1990.5000  0.490723E-01
 1990.5834  0.248108E-01
 1990.6666  0.281982E-01
 1990.7500  0.469971E-01
 1990.8334  0.245972E-01
 1990.9166  0.334473E-01
 1991.0000  0.306396E-01
 1991.0834 -0.857544E-02
 1991.1666  0.399780E-02
 1991.2500  0.230103E-01
 1991.3334  0.242920E-01
 1991.4166  0.176392E-01
 1991.5000 -0.433350E-02
 1991.5834 -0.542603E-01
 1991.6666 -0.783997E-01
 1991.7500 -0.123505    
 1991.8334 -0.170807    
 1991.9166 -0.157837    
 1992.0000 -0.195068    
 1992.0834 -0.188568    
 1992.1666 -0.250000    
 1992.2500 -0.296112    
 1992.3334 -0.318695    
 1992.4166 -0.346558    
 1992.5000 -0.330536    
 1992.5834 -0.333679    
 1992.6666 -0.353119    
 1992.7500 -0.355194    
 1992.8334 -0.331604    
 1992.9166 -0.336731    
 1993.0000 -0.298187    
 1993.0834 -0.301392    
 1993.1666 -0.284210    
 1993.2500 -0.278992    
 1993.3334 -0.271790    
 1993.4166 -0.251160    
 1993.5000 -0.231720    
 1993.5834 -0.221863    
 1993.6666 -0.188416    
 1993.7500 -0.217194    
 1993.8334 -0.219910    
 1993.9166 -0.246338    
 1994.0000 -0.200073    
 1994.0834 -0.231171    
 1994.1666 -0.174194    
 1994.2500 -0.161987    
 1994.3334 -0.124786    
 1994.4166 -0.114563    
 1994.5000 -0.118835    
 1994.5834 -0.110962    
 1994.6666 -0.122803    
 1994.7500 -0.128113    
 1994.8334 -0.130920    
 1994.9166 -0.114838    
 1995.0000 -0.139862    
 1995.0834 -0.846863E-01
 1995.1666 -0.765076E-01
 1995.2500 -0.928955E-01
 1995.3334 -0.131683    
 1995.4166 -0.103851    
 1995.5000 -0.759277E-01
 1995.5834 -0.674744E-01
 1995.6666 -0.716248E-01
 1995.7500 -0.892944E-01
 1995.8334 -0.765991E-01
 1995.9166 -0.569458E-01
 1996.0000 -0.552673E-01
 1996.0834 -0.381775E-01
 1996.1666 -0.508118E-01
 1996.2500 -0.559998E-01
 1996.3334 -0.328064E-01
 1996.4166 -0.227661E-01
 1996.5000 -0.266418E-01
 1996.5834 -0.225830E-01
 1996.6666 -0.435181E-01
 1996.7500 -0.533142E-01
 1996.8334 -0.596008E-01
 1996.9166 -0.622559E-01
 1997.0000 -0.482788E-01
 1997.0834  0.158081E-01
 1997.1666 -0.183105E-01
 1997.2500  0.180054E-01
 1997.3334  0.878906E-02
 1997.4166  0.178528E-01
 1997.5000  0.567627E-02
 1997.5834  0.643921E-02
 1997.6666  0.101013E-01
 1997.7500  0.308838E-01
 1997.8334 -0.192261E-02
 1997.9166  0.195313E-02
 1998.0000  0.140381E-01
 1998.0834 -0.637817E-02
 1998.1666  0.158081E-01
 1998.2500  0.180969E-01
 1998.3334  0.126038E-01
 1998.4166  0.303345E-01
 1998.5000  0.183716E-01
 1998.5834  0.210266E-01
 1998.6666  0.172729E-01
 1998.7500  0.299988E-01
 1998.8334  0.247803E-01
 1998.9166  0.143433E-01
 1999.0000  0.653076E-02
 1999.0834  0.252075E-01
 1999.1666  0.469971E-02
 1999.2500 -0.378418E-02
 1999.3334  0.307922E-01
 1999.4166  0.289612E-01
 1999.5000  0.294800E-01
 1999.5834  0.492249E-01
 1999.6666  0.236816E-01
 1999.7500  0.141907E-01
 1999.8334  0.179749E-01
 1999.9166  0.387573E-01
 2000.0000  0.884399E-01
 2000.0834  0.360107E-01
 2000.1666  0.227051E-01
 2000.2500  0.335083E-01
 2000.3334  0.830078E-01
 2000.4166  0.679321E-01
 2000.5000  0.692749E-01
 2000.5834  0.572205E-01
 2000.6666  0.774841E-01
 2000.7500  0.657043E-01
 2000.8334  0.702820E-01
 2000.9166  0.898438E-01
 2001.0000  0.100037    
 2001.0834  0.821228E-01
 2001.1666  0.592957E-01
 2001.2500  0.840149E-01
 2001.3334  0.719910E-01
 2001.4166  0.687561E-01
 2001.5000  0.653687E-01
 2001.5834  0.735168E-01
 2001.6666  0.709839E-01
 2001.7500  0.102295    
 2001.8334  0.821838E-01
 2001.9166  0.763550E-01
 2002.0000  0.992126E-01
 2002.0834  0.985107E-01
 2002.1666  0.496826E-01
 2002.2500  0.390015E-01
 2002.3334  0.582886E-01
 2002.4166  0.737610E-01
 2002.5000  0.627747E-01
 2002.5834  0.561218E-01
 2002.6666  0.747986E-01
 2002.7500  0.936890E-01
 2002.8334  0.950012E-01
 2002.9166  0.767517E-01
 2003.0000  0.749207E-01
 2003.0834  0.101105    
 2003.1666  0.694885E-01
 2003.2500  0.762024E-01
 2003.3334  0.104309    
 2003.4166  0.989380E-01
 2003.5000  0.101654    
 2003.5834  0.107422    
 2003.6666  0.110596    
 2003.7500  0.953064E-01
 2003.8334  0.105286    
 2003.9166  0.102142    
 2004.0000  0.995178E-01
 2004.0834  0.113312    
 2004.1666  0.114990    
 2004.2500  0.105988    
 2004.3334  0.109894    
 2004.4166  0.106445    
 2004.5000  0.109772    
 2004.5834  0.880127E-01
 2004.6666  0.869751E-01
 2004.7500  0.800781E-01
 2004.8334  0.106201    
 2004.9166  0.120941    
 2005.0000  0.110413    
 2005.0834  0.118805    
 2005.1666  0.130890    
 2005.2500  0.939026E-01
 2005.3334  0.787964E-01
 2005.4166  0.102936    
 2005.5000  0.886536E-01
 2005.5834  0.107117    
 2005.6666  0.100800    
 2005.7500  0.726929E-01
 2005.8334  0.847778E-01
 2005.9166  0.102753    
 2006.0000  0.609131E-01
 2006.0834  0.604248E-01
 2006.1666  0.148895    
 2006.2500  0.220612    
 2006.3334  0.186401    
 2006.4166  0.179749    
 2006.5000  0.151367    
 2006.5834  0.166138    
 2006.6666  0.188171    
 2006.7500  0.160004    
 2006.8334  0.119873    
 2006.9166  0.565491E-01
 2007.0000  0.269165E-01
 2007.0834  0.842285E-01
 2007.1666  0.181305    
 2007.2500  0.207397    
 2007.3334  0.181396    
 2007.4166  0.163361    
 2007.5000  0.148376    
 2007.5834  0.149414    
 2007.6666  0.182678    
 2007.7500  0.147980    
 2007.8334  0.123596    
 2007.9166  0.777588E-01
 2008.0000  0.421143E-01
 2008.0834  0.110718    
 2008.1666  0.115692    
 2008.2500  0.203217    
 2008.3334  0.179413    
 2008.4166  0.165649    
 2008.5000  0.146667    
 2008.5834  0.175537    
 2008.6666  0.162598    
 2008.7500  0.154877    
 2008.8334  0.892944E-01
 2008.9166  0.248413E-01
 2009.0000  0.167236E-01
 2009.0834  0.551147E-01
 2009.1666  0.727844E-01
 2009.2500  0.163910    
 2009.3334  0.167389    
 2009.4166  0.153259    
 2009.5000  0.122559    
 2009.5834  0.147430    
 2009.6666  0.183075    
 2009.7500  0.131592    
 2009.8334  0.802917E-01
 2009.9166  0.394592E-01
 2010.0000  0.144836    
 2010.0834  0.176117    
 2010.1666  0.271790    
 2010.2500  0.298004    
 2010.3334  0.289795    
 2010.4166  0.244232    
 2010.5000  0.248383    
 2010.5834  0.261932    
 2010.6666  0.276794    
 2010.7500  0.277496    
 2010.8334  0.248077    
 2010.9166  0.212250    
 2011.0000  0.160034    
 2011.0834  0.217407    
 2011.1666  0.240112    
 2011.2500  0.293396    
 2011.3334  0.303711    
 2011.4166  0.297760    
 2011.5000  0.265381    
 2011.5834  0.287628    
 2011.6666  0.313477    
 2011.7500  0.321991    
 2011.8334  0.273102    
 2011.9166  0.197662    
 2012.0000  0.195038    
 2012.0834  0.240326    
 2012.1666  0.294800    
 2012.2500  0.352295    
 2012.3334  0.337189    
 2012.4166  0.358154    
 2012.5000  0.316559    
 2012.5834  0.299225    
 2012.6666  0.328094    
 2012.7500  0.350983    
 2012.8334  0.240479    
 2012.9166  0.189453    

