# ensemble mea of file global_tas_Amon_mod_rcp45_%%%.dat
# using members   0 to  41
# <a href=http://cmip-pcmdi.llnl.gov/cmip5/>CMIP5</a> global mean temperature computed at <a href=http://www.knmi.nl/selectfield_cmip5.cgi?someone@somewhere>KNMI Climate Explorer</a> tas_Amon_ACCESS1-0_rcp45_r1i1p1
# cutting out region lon=   -0.938  359.062, lat=  -90.000   90.000
# file :: ./data/iglobal_tas_Amon_modmean_rcp45_000.dat
# description :: CMIP5 RCP45 Tglobal
# comment :: ensemble mea of file global_tas_Amon_mod_rcp45_%%%.dat, using members   0 to  41, <a href=http://cmip-pcmdi.llnl.gov/cmip5/>CMIP5</a> global mean temperature computed at <a href=http://www.knmi.nl/selectfield_cmip5.cgi?someone@somewhere>KNMI Climate Explorer</a> tas_Amon_ACCESS1-0_rcp45_r1i1p1, cutting out region lon=   -0.938  359.062, lat=  -90.000   90.000, via the KNMI Climate Explorer (http://climexp.knmi.nl)
# institution :: KNMI Climate Explorer
# history ::  2018-02-07  1:17:18 ./bin/plotdat anomal ./data/iglobal_tas_Amon_modmean_rcp45_000.dat\n 2018-01-31 13:34:25 dat2nc ./data/iglobal_tas_Amon_modmean_rcp45_000.dat i CMIP5_RCP45_Tglobal ./data/iglobal_tas_Amon_modmean_rcp45_000.nc n
# tas [K] from ACCESS1-0 model output prepared for CMIP5 RCP4.5 r1i1p1
 1860.0000 -0.979980    
 1860.0834 -0.928467    
 1860.1666 -0.904724    
 1860.2500 -0.890198    
 1860.3334 -0.874542    
 1860.4166 -0.865295    
 1860.5000 -0.862671    
 1860.5834 -0.889832    
 1860.6666 -0.889465    
 1860.7500 -0.931519    
 1860.8334 -0.965546    
 1860.9166 -0.982758    
 1861.0000 -0.924774    
 1861.0834 -0.923645    
 1861.1666 -0.878418    
 1861.2500 -0.868500    
 1861.3334 -0.846954    
 1861.4166 -0.838898    
 1861.5000 -0.833679    
 1861.5834 -0.859528    
 1861.6666 -0.893860    
 1861.7500 -0.941528    
 1861.8334 -0.950836    
 1861.9166 -0.967651    
 1862.0000 -0.953278    
 1862.0834 -0.925262    
 1862.1666 -0.876343    
 1862.2500 -0.873413    
 1862.3334 -0.863251    
 1862.4166 -0.848175    
 1862.5000 -0.867188    
 1862.5834 -0.859039    
 1862.6666 -0.880157    
 1862.7500 -0.953217    
 1862.8334 -0.994537    
 1862.9166 -0.999451    
 1863.0000 -0.958679    
 1863.0834 -0.925354    
 1863.1666 -0.879517    
 1863.2500 -0.880310    
 1863.3334 -0.869751    
 1863.4166 -0.874298    
 1863.5000 -0.860687    
 1863.5834 -0.867920    
 1863.6666 -0.905365    
 1863.7500 -0.935638    
 1863.8334 -0.995361    
 1863.9166 -0.981445    
 1864.0000 -0.946075    
 1864.0834 -0.909454    
 1864.1666 -0.882416    
 1864.2500 -0.873596    
 1864.3334 -0.855042    
 1864.4166 -0.862885    
 1864.5000 -0.855469    
 1864.5834 -0.867035    
 1864.6666 -0.895172    
 1864.7500 -0.941345    
 1864.8334 -0.987152    
 1864.9166 -0.963745    
 1865.0000 -0.943085    
 1865.0834 -0.901459    
 1865.1666 -0.896729    
 1865.2500 -0.864105    
 1865.3334 -0.847870    
 1865.4166 -0.845795    
 1865.5000 -0.846588    
 1865.5834 -0.868927    
 1865.6666 -0.890259    
 1865.7500 -0.941345    
 1865.8334 -0.968536    
 1865.9166 -0.969757    
 1866.0000 -0.965790    
 1866.0834 -0.942963    
 1866.1666 -0.923615    
 1866.2500 -0.888916    
 1866.3334 -0.847168    
 1866.4166 -0.828888    
 1866.5000 -0.830383    
 1866.5834 -0.839630    
 1866.6666 -0.860168    
 1866.7500 -0.899231    
 1866.8334 -0.955841    
 1866.9166 -0.954041    
 1867.0000 -0.914398    
 1867.0834 -0.903839    
 1867.1666 -0.879822    
 1867.2500 -0.834015    
 1867.3334 -0.828766    
 1867.4166 -0.815277    
 1867.5000 -0.810577    
 1867.5834 -0.829742    
 1867.6666 -0.862366    
 1867.7500 -0.883728    
 1867.8334 -0.938141    
 1867.9166 -0.937836    
 1868.0000 -0.923279    
 1868.0834 -0.910339    
 1868.1666 -0.880432    
 1868.2500 -0.839691    
 1868.3334 -0.814941    
 1868.4166 -0.815582    
 1868.5000 -0.807159    
 1868.5834 -0.826721    
 1868.6666 -0.844147    
 1868.7500 -0.895935    
 1868.8334 -0.904449    
 1868.9166 -0.889740    
 1869.0000 -0.878479    
 1869.0834 -0.857849    
 1869.1666 -0.825317    
 1869.2500 -0.802094    
 1869.3334 -0.774567    
 1869.4166 -0.787292    
 1869.5000 -0.786682    
 1869.5834 -0.805328    
 1869.6666 -0.823273    
 1869.7500 -0.860138    
 1869.8334 -0.910553    
 1869.9166 -0.912537    
 1870.0000 -0.909393    
 1870.0834 -0.870941    
 1870.1666 -0.849335    
 1870.2500 -0.831390    
 1870.3334 -0.815948    
 1870.4166 -0.768677    
 1870.5000 -0.793976    
 1870.5834 -0.803436    
 1870.6666 -0.812958    
 1870.7500 -0.857544    
 1870.8334 -0.888458    
 1870.9166 -0.888153    
 1871.0000 -0.884399    
 1871.0834 -0.853149    
 1871.1666 -0.844940    
 1871.2500 -0.818512    
 1871.3334 -0.794556    
 1871.4166 -0.795471    
 1871.5000 -0.786469    
 1871.5834 -0.777527    
 1871.6666 -0.825867    
 1871.7500 -0.873138    
 1871.8334 -0.914337    
 1871.9166 -0.912933    
 1872.0000 -0.908081    
 1872.0834 -0.889740    
 1872.1666 -0.842926    
 1872.2500 -0.815796    
 1872.3334 -0.803162    
 1872.4166 -0.790588    
 1872.5000 -0.793884    
 1872.5834 -0.802124    
 1872.6666 -0.833954    
 1872.7500 -0.869019    
 1872.8334 -0.903137    
 1872.9166 -0.894745    
 1873.0000 -0.888092    
 1873.0834 -0.847565    
 1873.1666 -0.827332    
 1873.2500 -0.802094    
 1873.3334 -0.792267    
 1873.4166 -0.782898    
 1873.5000 -0.788361    
 1873.5834 -0.769623    
 1873.6666 -0.787048    
 1873.7500 -0.830017    
 1873.8334 -0.858643    
 1873.9166 -0.893250    
 1874.0000 -0.850983    
 1874.0834 -0.843964    
 1874.1666 -0.804535    
 1874.2500 -0.784515    
 1874.3334 -0.766144    
 1874.4166 -0.749969    
 1874.5000 -0.750763    
 1874.5834 -0.783813    
 1874.6666 -0.806274    
 1874.7500 -0.861938    
 1874.8334 -0.892639    
 1874.9166 -0.881042    
 1875.0000 -0.893280    
 1875.0834 -0.846558    
 1875.1666 -0.782318    
 1875.2500 -0.779297    
 1875.3334 -0.747467    
 1875.4166 -0.757294    
 1875.5000 -0.766388    
 1875.5834 -0.786621    
 1875.6666 -0.793549    
 1875.7500 -0.838531    
 1875.8334 -0.896362    
 1875.9166 -0.911133    
 1876.0000 -0.894379    
 1876.0834 -0.886353    
 1876.1666 -0.837921    
 1876.2500 -0.829498    
 1876.3334 -0.787445    
 1876.4166 -0.764771    
 1876.5000 -0.779388    
 1876.5834 -0.807434    
 1876.6666 -0.829468    
 1876.7500 -0.863617    
 1876.8334 -0.909546    
 1876.9166 -0.909851    
 1877.0000 -0.887573    
 1877.0834 -0.860046    
 1877.1666 -0.859619    
 1877.2500 -0.808594    
 1877.3334 -0.775146    
 1877.4166 -0.777496    
 1877.5000 -0.807068    
 1877.5834 -0.804626    
 1877.6666 -0.820465    
 1877.7500 -0.876923    
 1877.8334 -0.929535    
 1877.9166 -0.911560    
 1878.0000 -0.895874    
 1878.0834 -0.862640    
 1878.1666 -0.849518    
 1878.2500 -0.829803    
 1878.3334 -0.815247    
 1878.4166 -0.791870    
 1878.5000 -0.793762    
 1878.5834 -0.804626    
 1878.6666 -0.836548    
 1878.7500 -0.872833    
 1878.8334 -0.914063    
 1878.9166 -0.925537    
 1879.0000 -0.889801    
 1879.0834 -0.853149    
 1879.1666 -0.845734    
 1879.2500 -0.792603    
 1879.3334 -0.773956    
 1879.4166 -0.759094    
 1879.5000 -0.755981    
 1879.5834 -0.810120    
 1879.6666 -0.827850    
 1879.7500 -0.874817    
 1879.8334 -0.896637    
 1879.9166 -0.897461    
 1880.0000 -0.865295    
 1880.0834 -0.864655    
 1880.1666 -0.819733    
 1880.2500 -0.794800    
 1880.3334 -0.771667    
 1880.4166 -0.774994    
 1880.5000 -0.759674    
 1880.5834 -0.792725    
 1880.6666 -0.818359    
 1880.7500 -0.882324    
 1880.8334 -0.907745    
 1880.9166 -0.892059    
 1881.0000 -0.882477    
 1881.0834 -0.860748    
 1881.1666 -0.795715    
 1881.2500 -0.789795    
 1881.3334 -0.785248    
 1881.4166 -0.771393    
 1881.5000 -0.764069    
 1881.5834 -0.769623    
 1881.6666 -0.794769    
 1881.7500 -0.824127    
 1881.8334 -0.850647    
 1881.9166 -0.842957    
 1882.0000 -0.814301    
 1882.0834 -0.801147    
 1882.1666 -0.798340    
 1882.2500 -0.784790    
 1882.3334 -0.765259    
 1882.4166 -0.748169    
 1882.5000 -0.775879    
 1882.5834 -0.760742    
 1882.6666 -0.808563    
 1882.7500 -0.837219    
 1882.8334 -0.889160    
 1882.9166 -0.875641    
 1883.0000 -0.903900    
 1883.0834 -0.886963    
 1883.1666 -0.870422    
 1883.2500 -0.834320    
 1883.3334 -0.810852    
 1883.4166 -0.794769    
 1883.5000 -0.805481    
 1883.5834 -0.816833    
 1883.6666 -0.844971    
 1883.7500 -0.919220    
 1883.8334  -1.00256    
 1883.9166  -1.05923    
 1884.0000  -1.07809    
 1884.0834  -1.06256    
 1884.1666  -1.05753    
 1884.2500  -1.08841    
 1884.3334  -1.08624    
 1884.4166  -1.09109    
 1884.5000  -1.12927    
 1884.5834  -1.14423    
 1884.6666  -1.19516    
 1884.7500  -1.22784    
 1884.8334  -1.27475    
 1884.9166  -1.26505    
 1885.0000  -1.20798    
 1885.0834  -1.18854    
 1885.1666  -1.17404    
 1885.2500  -1.11261    
 1885.3334  -1.09454    
 1885.4166  -1.09378    
 1885.5000  -1.07266    
 1885.5834  -1.08282    
 1885.6666  -1.10895    
 1885.7500  -1.17242    
 1885.8334  -1.19235    
 1885.9166  -1.20255    
 1886.0000  -1.16757    
 1886.0834  -1.10846    
 1886.1666  -1.08252    
 1886.2500  -1.06921    
 1886.3334  -1.01117    
 1886.4166  -1.00378    
 1886.5000 -0.968384    
 1886.5834 -0.990936    
 1886.6666  -1.02927    
 1886.7500  -1.10284    
 1886.8334  -1.14304    
 1886.9166  -1.15106    
 1887.0000  -1.16049    
 1887.0834  -1.07516    
 1887.1666  -1.05923    
 1887.2500  -1.03702    
 1887.3334  -1.02536    
 1887.4166 -0.998474    
 1887.5000 -0.996582    
 1887.5834 -0.984619    
 1887.6666 -0.997070    
 1887.7500  -1.06403    
 1887.8334  -1.09314    
 1887.9166  -1.12006    
 1888.0000  -1.06747    
 1888.0834  -1.05875    
 1888.1666  -1.00574    
 1888.2500 -0.966797    
 1888.3334 -0.918365    
 1888.4166 -0.913483    
 1888.5000 -0.942566    
 1888.5834 -0.950714    
 1888.6666 -0.996674    
 1888.7500  -1.04813    
 1888.8334  -1.08826    
 1888.9166  -1.07944    
 1889.0000  -1.06558    
 1889.0834  -1.05756    
 1889.1666  -1.01053    
 1889.2500 -0.986420    
 1889.3334 -0.951050    
 1889.4166 -0.923981    
 1889.5000 -0.934570    
 1889.5834 -0.931213    
 1889.6666 -0.960968    
 1889.7500  -1.00342    
 1889.8334  -1.01965    
 1889.9166  -1.05606    
 1890.0000  -1.00708    
 1890.0834 -0.952942    
 1890.1666 -0.943939    
 1890.2500 -0.947601    
 1890.3334 -0.945068    
 1890.4166 -0.932983    
 1890.5000 -0.944580    
 1890.5834 -0.961914    
 1890.6666  -1.00287    
 1890.7500  -1.05624    
 1890.8334  -1.10745    
 1890.9166  -1.12015    
 1891.0000  -1.06198    
 1891.0834  -1.07626    
 1891.1666  -1.03922    
 1891.2500  -1.00000    
 1891.3334 -0.992767    
 1891.4166 -0.959381    
 1891.5000 -0.966064    
 1891.5834 -0.976227    
 1891.6666 -0.989960    
 1891.7500  -1.05804    
 1891.8334  -1.09204    
 1891.9166  -1.09885    
 1892.0000  -1.03677    
 1892.0834  -1.03024    
 1892.1666 -0.985626    
 1892.2500 -0.958496    
 1892.3334 -0.925354    
 1892.4166 -0.918488    
 1892.5000 -0.935669    
 1892.5834 -0.941040    
 1892.6666 -0.964874    
 1892.7500  -1.02963    
 1892.8334  -1.07565    
 1892.9166  -1.06155    
 1893.0000  -1.00949    
 1893.0834 -0.974060    
 1893.1666 -0.946136    
 1893.2500 -0.914001    
 1893.3334 -0.880951    
 1893.4166 -0.872375    
 1893.5000 -0.866882    
 1893.5834 -0.865417    
 1893.6666 -0.906464    
 1893.7500 -0.959320    
 1893.8334 -0.997253    
 1893.9166 -0.991760    
 1894.0000 -0.964478    
 1894.0834 -0.957367    
 1894.1666 -0.930634    
 1894.2500 -0.881012    
 1894.3334 -0.837646    
 1894.4166 -0.830994    
 1894.5000 -0.836761    
 1894.5834 -0.848724    
 1894.6666 -0.867676    
 1894.7500 -0.928436    
 1894.8334 -0.948761    
 1894.9166 -0.940460    
 1895.0000 -0.922272    
 1895.0834 -0.869049    
 1895.1666 -0.881622    
 1895.2500 -0.829803    
 1895.3334 -0.807861    
 1895.4166 -0.793884    
 1895.5000 -0.815765    
 1895.5834 -0.801727    
 1895.6666 -0.843750    
 1895.7500 -0.889618    
 1895.8334 -0.907440    
 1895.9166 -0.925354    
 1896.0000 -0.942078    
 1896.0834 -0.901337    
 1896.1666 -0.851929    
 1896.2500 -0.834320    
 1896.3334 -0.801453    
 1896.4166 -0.787598    
 1896.5000 -0.804169    
 1896.5834 -0.825134    
 1896.6666 -0.863861    
 1896.7500 -0.909729    
 1896.8334 -0.916656    
 1896.9166 -0.944855    
 1897.0000 -0.929596    
 1897.0834 -0.890259    
 1897.1666 -0.864532    
 1897.2500 -0.823792    
 1897.3334 -0.798767    
 1897.4166 -0.795197    
 1897.5000 -0.805664    
 1897.5834 -0.810516    
 1897.6666 -0.835754    
 1897.7500 -0.898529    
 1897.8334 -0.923340    
 1897.9166 -0.963562    
 1898.0000 -0.921783    
 1898.0834 -0.911865    
 1898.1666 -0.878418    
 1898.2500 -0.826294    
 1898.3334 -0.813965    
 1898.4166 -0.822296    
 1898.5000 -0.804169    
 1898.5834 -0.815826    
 1898.6666 -0.832947    
 1898.7500 -0.876617    
 1898.8334 -0.900757    
 1898.9166 -0.900055    
 1899.0000 -0.876099    
 1899.0834 -0.854767    
 1899.1666 -0.826416    
 1899.2500 -0.819794    
 1899.3334 -0.792053    
 1899.4166 -0.791199    
 1899.5000 -0.767975    
 1899.5834 -0.784515    
 1899.6666 -0.803650    
 1899.7500 -0.855042    
 1899.8334 -0.871857    
 1899.9166 -0.863342    
 1900.0000 -0.864990    
 1900.0834 -0.829651    
 1900.1666 -0.809235    
 1900.2500 -0.793304    
 1900.3334 -0.769653    
 1900.4166 -0.763397    
 1900.5000 -0.782776    
 1900.5834 -0.800140    
 1900.6666 -0.821350    
 1900.7500 -0.847839    
 1900.8334 -0.891846    
 1900.9166 -0.901459    
 1901.0000 -0.836884    
 1901.0834 -0.852966    
 1901.1666 -0.843414    
 1901.2500 -0.801208    
 1901.3334 -0.786469    
 1901.4166 -0.780396    
 1901.5000 -0.761078    
 1901.5834 -0.785217    
 1901.6666 -0.818268    
 1901.7500 -0.852020    
 1901.8334 -0.879456    
 1901.9166 -0.879639    
 1902.0000 -0.835297    
 1902.0834 -0.815948    
 1902.1666 -0.819641    
 1902.2500 -0.837311    
 1902.3334 -0.809143    
 1902.4166 -0.806183    
 1902.5000 -0.800385    
 1902.5834 -0.794128    
 1902.6666 -0.835449    
 1902.7500 -0.877533    
 1902.8334 -0.932343    
 1902.9166 -0.991638    
 1903.0000 -0.994995    
 1903.0834 -0.999664    
 1903.1666 -0.979523    
 1903.2500 -0.981812    
 1903.3334 -0.978058    
 1903.4166 -0.995697    
 1903.5000  -1.01938    
 1903.5834  -1.04074    
 1903.6666  -1.05106    
 1903.7500  -1.09082    
 1903.8334  -1.12076    
 1903.9166  -1.12415    
 1904.0000  -1.05719    
 1904.0834  -1.01285    
 1904.1666  -1.02103    
 1904.2500 -0.995117    
 1904.3334 -0.985168    
 1904.4166 -0.941498    
 1904.5000 -0.945160    
 1904.5834 -0.947235    
 1904.6666 -0.973572    
 1904.7500  -1.01944    
 1904.8334  -1.03345    
 1904.9166  -1.02695    
 1905.0000 -0.995697    
 1905.0834 -0.975861    
 1905.1666 -0.937927    
 1905.2500 -0.921906    
 1905.3334 -0.877167    
 1905.4166 -0.870392    
 1905.5000 -0.879089    
 1905.5834 -0.899017    
 1905.6666 -0.910950    
 1905.7500 -0.966217    
 1905.8334 -0.992249    
 1905.9166 -0.986755    
 1906.0000 -0.965698    
 1906.0834 -0.972260    
 1906.1666 -0.929443    
 1906.2500 -0.918396    
 1906.3334 -0.863342    
 1906.4166 -0.858276    
 1906.5000 -0.840271    
 1906.5834 -0.869324    
 1906.6666 -0.862274    
 1906.7500 -0.917542    
 1906.8334 -0.950043    
 1906.9166 -0.971161    
 1907.0000 -0.899689    
 1907.0834 -0.870758    
 1907.1666 -0.865143    
 1907.2500 -0.868591    
 1907.3334 -0.825745    
 1907.4166 -0.844971    
 1907.5000 -0.848389    
 1907.5834 -0.857941    
 1907.6666 -0.888275    
 1907.7500 -0.913239    
 1907.8334 -0.962250    
 1907.9166 -0.948242    
 1908.0000 -0.885895    
 1908.0834 -0.857849    
 1908.1666 -0.840515    
 1908.2500 -0.807892    
 1908.3334 -0.800751    
 1908.4166 -0.793182    
 1908.5000 -0.829376    
 1908.5834 -0.844513    
 1908.6666 -0.866547    
 1908.7500 -0.898132    
 1908.8334 -0.961365    
 1908.9166 -0.919434    
 1909.0000 -0.890472    
 1909.0834 -0.871155    
 1909.1666 -0.839142    
 1909.2500 -0.797394    
 1909.3334 -0.771271    
 1909.4166 -0.768494    
 1909.5000 -0.807373    
 1909.5834 -0.809021    
 1909.6666 -0.824860    
 1909.7500 -0.855621    
 1909.8334 -0.882843    
 1909.9166 -0.911835    
 1910.0000 -0.870178    
 1910.0834 -0.825958    
 1910.1666 -0.814331    
 1910.2500 -0.783112    
 1910.3334 -0.773865    
 1910.4166 -0.751190    
 1910.5000 -0.759888    
 1910.5834 -0.768738    
 1910.6666 -0.793060    
 1910.7500 -0.844330    
 1910.8334 -0.860535    
 1910.9166 -0.863647    
 1911.0000 -0.836578    
 1911.0834 -0.810455    
 1911.1666 -0.813232    
 1911.2500 -0.787201    
 1911.3334 -0.772949    
 1911.4166 -0.762695    
 1911.5000 -0.776886    
 1911.5834 -0.792114    
 1911.6666 -0.808350    
 1911.7500 -0.867645    
 1911.8334 -0.879639    
 1911.9166 -0.877045    
 1912.0000 -0.854492    
 1912.0834 -0.857361    
 1912.1666 -0.799042    
 1912.2500 -0.790802    
 1912.3334 -0.765656    
 1912.4166 -0.778473    
 1912.5000 -0.806976    
 1912.5834 -0.859833    
 1912.6666 -0.898956    
 1912.7500 -0.947144    
 1912.8334 -0.972046    
 1912.9166 -0.943451    
 1913.0000 -0.951996    
 1913.0834 -0.902649    
 1913.1666 -0.903015    
 1913.2500 -0.865204    
 1913.3334 -0.881561    
 1913.4166 -0.878876    
 1913.5000 -0.871887    
 1913.5834 -0.883026    
 1913.6666 -0.908569    
 1913.7500 -0.967041    
 1913.8334 -0.994354    
 1913.9166 -0.967133    
 1914.0000 -0.934601    
 1914.0834 -0.894653    
 1914.1666 -0.874939    
 1914.2500 -0.821503    
 1914.3334 -0.794342    
 1914.4166 -0.806976    
 1914.5000 -0.812286    
 1914.5834 -0.804230    
 1914.6666 -0.844574    
 1914.7500 -0.893738    
 1914.8334 -0.911957    
 1914.9166 -0.892334    
 1915.0000 -0.882202    
 1915.0834 -0.845062    
 1915.1666 -0.808716    
 1915.2500 -0.778503    
 1915.3334 -0.755646    
 1915.4166 -0.755798    
 1915.5000 -0.748169    
 1915.5834 -0.766327    
 1915.6666 -0.813446    
 1915.7500 -0.866730    
 1915.8334 -0.878357    
 1915.9166 -0.884857    
 1916.0000 -0.881989    
 1916.0834 -0.831757    
 1916.1666 -0.788818    
 1916.2500 -0.780090    
 1916.3334 -0.737244    
 1916.4166 -0.747070    
 1916.5000 -0.759766    
 1916.5834 -0.765228    
 1916.6666 -0.790771    
 1916.7500 -0.838928    
 1916.8334 -0.856964    
 1916.9166 -0.857361    
 1917.0000 -0.844879    
 1917.0834 -0.832855    
 1917.1666 -0.792328    
 1917.2500 -0.757111    
 1917.3334 -0.723267    
 1917.4166 -0.717773    
 1917.5000 -0.746765    
 1917.5834 -0.743927    
 1917.6666 -0.774475    
 1917.7500 -0.801727    
 1917.8334 -0.852448    
 1917.9166 -0.828949    
 1918.0000 -0.845093    
 1918.0834 -0.793243    
 1918.1666 -0.798828    
 1918.2500 -0.732513    
 1918.3334 -0.732452    
 1918.4166 -0.711792    
 1918.5000 -0.707977    
 1918.5834 -0.690033    
 1918.6666 -0.726349    
 1918.7500 -0.777222    
 1918.8334 -0.812958    
 1918.9166 -0.822662    
 1919.0000 -0.812897    
 1919.0834 -0.813538    
 1919.1666 -0.778839    
 1919.2500 -0.749390    
 1919.3334 -0.740265    
 1919.4166 -0.713898    
 1919.5000 -0.720764    
 1919.5834 -0.717621    
 1919.6666 -0.746857    
 1919.7500 -0.769440    
 1919.8334 -0.793335    
 1919.9166 -0.801636    
 1920.0000 -0.768677    
 1920.0834 -0.731842    
 1920.1666 -0.729523    
 1920.2500 -0.705505    
 1920.3334 -0.699646    
 1920.4166 -0.683472    
 1920.5000 -0.689270    
 1920.5834 -0.699219    
 1920.6666 -0.728149    
 1920.7500 -0.774628    
 1920.8334 -0.779846    
 1920.9166 -0.803345    
 1921.0000 -0.748901    
 1921.0834 -0.746460    
 1921.1666 -0.707214    
 1921.2500 -0.693512    
 1921.3334 -0.682648    
 1921.4166 -0.690979    
 1921.5000 -0.685974    
 1921.5834 -0.694916    
 1921.6666 -0.727264    
 1921.7500 -0.795227    
 1921.8334 -0.812439    
 1921.9166 -0.787933    
 1922.0000 -0.782196    
 1922.0834 -0.750458    
 1922.1666 -0.728943    
 1922.2500 -0.710297    
 1922.3334 -0.704559    
 1922.4166 -0.691193    
 1922.5000 -0.690277    
 1922.5834 -0.695221    
 1922.6666 -0.707367    
 1922.7500 -0.743622    
 1922.8334 -0.817535    
 1922.9166 -0.789948    
 1923.0000 -0.771301    
 1923.0834 -0.746643    
 1923.1666 -0.734741    
 1923.2500 -0.693817    
 1923.3334 -0.676758    
 1923.4166 -0.678986    
 1923.5000 -0.669281    
 1923.5834 -0.681122    
 1923.6666 -0.699066    
 1923.7500 -0.742645    
 1923.8334 -0.786652    
 1923.9166 -0.802032    
 1924.0000 -0.770691    
 1924.0834 -0.739044    
 1924.1666 -0.709229    
 1924.2500 -0.694916    
 1924.3334 -0.652863    
 1924.4166 -0.650299    
 1924.5000 -0.674286    
 1924.5834 -0.702332    
 1924.6666 -0.706970    
 1924.7500 -0.757233    
 1924.8334 -0.768036    
 1924.9166 -0.750061    
 1925.0000 -0.704102    
 1925.0834 -0.716766    
 1925.1666 -0.701416    
 1925.2500 -0.707794    
 1925.3334 -0.673370    
 1925.4166 -0.671478    
 1925.5000 -0.668488    
 1925.5834 -0.700623    
 1925.6666 -0.721649    
 1925.7500 -0.751617    
 1925.8334 -0.778046    
 1925.9166 -0.774353    
 1926.0000 -0.762878    
 1926.0834 -0.723846    
 1926.1666 -0.693939    
 1926.2500 -0.702911    
 1926.3334 -0.685760    
 1926.4166 -0.684174    
 1926.5000 -0.672974    
 1926.5834 -0.688141    
 1926.6666 -0.700165    
 1926.7500 -0.726440    
 1926.8334 -0.764740    
 1926.9166 -0.759033    
 1927.0000 -0.737793    
 1927.0834 -0.718658    
 1927.1666 -0.672333    
 1927.2500 -0.662109    
 1927.3334 -0.653564    
 1927.4166 -0.644470    
 1927.5000 -0.649261    
 1927.5834 -0.657227    
 1927.6666 -0.676971    
 1927.7500 -0.717621    
 1927.8334 -0.753754    
 1927.9166 -0.776154    
 1928.0000 -0.721893    
 1928.0834 -0.743561    
 1928.1666 -0.714233    
 1928.2500 -0.666199    
 1928.3334 -0.665863    
 1928.4166 -0.651886    
 1928.5000 -0.654663    
 1928.5834 -0.674835    
 1928.6666 -0.687073    
 1928.7500 -0.726746    
 1928.8334 -0.751343    
 1928.9166 -0.748047    
 1929.0000 -0.757599    
 1929.0834 -0.739349    
 1929.1666 -0.703522    
 1929.2500 -0.692291    
 1929.3334 -0.682159    
 1929.4166 -0.675079    
 1929.5000 -0.657562    
 1929.5834 -0.683624    
 1929.6666 -0.693359    
 1929.7500 -0.750336    
 1929.8334 -0.772156    
 1929.9166 -0.759338    
 1930.0000 -0.751801    
 1930.0834 -0.736755    
 1930.1666 -0.727722    
 1930.2500 -0.698517    
 1930.3334 -0.684448    
 1930.4166 -0.682098    
 1930.5000 -0.694672    
 1930.5834 -0.681213    
 1930.6666 -0.691650    
 1930.7500 -0.725830    
 1930.8334 -0.781860    
 1930.9166 -0.779449    
 1931.0000 -0.745087    
 1931.0834 -0.733643    
 1931.1666 -0.711243    
 1931.2500 -0.686218    
 1931.3334 -0.680969    
 1931.4166 -0.687897    
 1931.5000 -0.684082    
 1931.5834 -0.689819    
 1931.6666 -0.694061    
 1931.7500 -0.737030    
 1931.8334 -0.754364    
 1931.9166 -0.763062    
 1932.0000 -0.749390    
 1932.0834 -0.722260    
 1932.1666 -0.714417    
 1932.2500 -0.678711    
 1932.3334 -0.659943    
 1932.4166 -0.649078    
 1932.5000 -0.668488    
 1932.5834 -0.668030    
 1932.6666 -0.689850    
 1932.7500 -0.731934    
 1932.8334 -0.780853    
 1932.9166 -0.757050    
 1933.0000 -0.734772    
 1933.0834 -0.736542    
 1933.1666 -0.710022    
 1933.2500 -0.681702    
 1933.3334 -0.678955    
 1933.4166 -0.668579    
 1933.5000 -0.682159    
 1933.5834 -0.701538    
 1933.6666 -0.700562    
 1933.7500 -0.773621    
 1933.8334 -0.816437    
 1933.9166 -0.792755    
 1934.0000 -0.784088    
 1934.0834 -0.746338    
 1934.1666 -0.725525    
 1934.2500 -0.696716    
 1934.3334 -0.688446    
 1934.4166 -0.692596    
 1934.5000 -0.693085    
 1934.5834 -0.717926    
 1934.6666 -0.727173    
 1934.7500 -0.734039    
 1934.8334 -0.753235    
 1934.9166 -0.766052    
 1935.0000 -0.733490    
 1935.0834 -0.725250    
 1935.1666 -0.693634    
 1935.2500 -0.675018    
 1935.3334 -0.648560    
 1935.4166 -0.650879    
 1935.5000 -0.643982    
 1935.5834 -0.652130    
 1935.6666 -0.663055    
 1935.7500 -0.712341    
 1935.8334 -0.729248    
 1935.9166 -0.714935    
 1936.0000 -0.715088    
 1936.0834 -0.670563    
 1936.1666 -0.663940    
 1936.2500 -0.644592    
 1936.3334 -0.620850    
 1936.4166 -0.607880    
 1936.5000 -0.604187    
 1936.5834 -0.618439    
 1936.6666 -0.647552    
 1936.7500 -0.694916    
 1936.8334 -0.736359    
 1936.9166 -0.723053    
 1937.0000 -0.666595    
 1937.0834 -0.630859    
 1937.1666 -0.639130    
 1937.2500 -0.621002    
 1937.3334 -0.601349    
 1937.4166 -0.591278    
 1937.5000 -0.599670    
 1937.5834 -0.609314    
 1937.6666 -0.643066    
 1937.7500 -0.687317    
 1937.8334 -0.708954    
 1937.9166 -0.709534    
 1938.0000 -0.674072    
 1938.0834 -0.664459    
 1938.1666 -0.655029    
 1938.2500 -0.644318    
 1938.3334 -0.608368    
 1938.4166 -0.589172    
 1938.5000 -0.592987    
 1938.5834 -0.612640    
 1938.6666 -0.645447    
 1938.7500 -0.684937    
 1938.8334 -0.712646    
 1938.9166 -0.712341    
 1939.0000 -0.689301    
 1939.0834 -0.681641    
 1939.1666 -0.639923    
 1939.2500 -0.625610    
 1939.3334 -0.616943    
 1939.4166 -0.614471    
 1939.5000 -0.606964    
 1939.5834 -0.623413    
 1939.6666 -0.641663    
 1939.7500 -0.672821    
 1939.8334 -0.690735    
 1939.9166 -0.699158    
 1940.0000 -0.709198    
 1940.0834 -0.644745    
 1940.1666 -0.651520    
 1940.2500 -0.620697    
 1940.3334 -0.617645    
 1940.4166 -0.613495    
 1940.5000 -0.618774    
 1940.5834 -0.622223    
 1940.6666 -0.659363    
 1940.7500 -0.691925    
 1940.8334 -0.713562    
 1940.9166 -0.710541    
 1941.0000 -0.682892    
 1941.0834 -0.667755    
 1941.1666 -0.618042    
 1941.2500 -0.618317    
 1941.3334 -0.596069    
 1941.4166 -0.596588    
 1941.5000 -0.599365    
 1941.5834 -0.605713    
 1941.6666 -0.615875    
 1941.7500 -0.655029    
 1941.8334 -0.655334    
 1941.9166 -0.665436    
 1942.0000 -0.647186    
 1942.0834 -0.643860    
 1942.1666 -0.624725    
 1942.2500 -0.599701    
 1942.3334 -0.604645    
 1942.4166 -0.603485    
 1942.5000 -0.602386    
 1942.5834 -0.622131    
 1942.6666 -0.631653    
 1942.7500 -0.678223    
 1942.8334 -0.712341    
 1942.9166 -0.703247    
 1943.0000 -0.656189    
 1943.0834 -0.650452    
 1943.1666 -0.655029    
 1943.2500 -0.655792    
 1943.3334 -0.640167    
 1943.4166 -0.605286    
 1943.5000 -0.605469    
 1943.5834 -0.630341    
 1943.6666 -0.636475    
 1943.7500 -0.666718    
 1943.8334 -0.709839    
 1943.9166 -0.687347    
 1944.0000 -0.647400    
 1944.0834 -0.658661    
 1944.1666 -0.669220    
 1944.2500 -0.656006    
 1944.3334 -0.604858    
 1944.4166 -0.617279    
 1944.5000 -0.613281    
 1944.5834 -0.623322    
 1944.6666 -0.629974    
 1944.7500 -0.657227    
 1944.8334 -0.700653    
 1944.9166 -0.681244    
 1945.0000 -0.656982    
 1945.0834 -0.648346    
 1945.1666 -0.637115    
 1945.2500 -0.626099    
 1945.3334 -0.610657    
 1945.4166 -0.589569    
 1945.5000 -0.620178    
 1945.5834 -0.629517    
 1945.6666 -0.631561    
 1945.7500 -0.666534    
 1945.8334 -0.661957    
 1945.9166 -0.675659    
 1946.0000 -0.675781    
 1946.0834 -0.659760    
 1946.1666 -0.611542    
 1946.2500 -0.609711    
 1946.3334 -0.580963    
 1946.4166 -0.585693    
 1946.5000 -0.588989    
 1946.5834 -0.603333    
 1946.6666 -0.636658    
 1946.7500 -0.655640    
 1946.8334 -0.682037    
 1946.9166 -0.682159    
 1947.0000 -0.656891    
 1947.0834 -0.639740    
 1947.1666 -0.609039    
 1947.2500 -0.611603    
 1947.3334 -0.579346    
 1947.4166 -0.569092    
 1947.5000 -0.581360    
 1947.5834 -0.593842    
 1947.6666 -0.625946    
 1947.7500 -0.664124    
 1947.8334 -0.672455    
 1947.9166 -0.665161    
 1948.0000 -0.652893    
 1948.0834 -0.626465    
 1948.1666 -0.604034    
 1948.2500 -0.611420    
 1948.3334 -0.580444    
 1948.4166 -0.577087    
 1948.5000 -0.560364    
 1948.5834 -0.586121    
 1948.6666 -0.593475    
 1948.7500 -0.625641    
 1948.8334 -0.652161    
 1948.9166 -0.657959    
 1949.0000 -0.599792    
 1949.0834 -0.588165    
 1949.1666 -0.591522    
 1949.2500 -0.584412    
 1949.3334 -0.550751    
 1949.4166 -0.564270    
 1949.5000 -0.564575    
 1949.5834 -0.568115    
 1949.6666 -0.604248    
 1949.7500 -0.627136    
 1949.8334 -0.653961    
 1949.9166 -0.660339    
 1950.0000 -0.639374    
 1950.0834 -0.612854    
 1950.1666 -0.612335    
 1950.2500 -0.587219    
 1950.3334 -0.589355    
 1950.4166 -0.574280    
 1950.5000 -0.586273    
 1950.5834 -0.598022    
 1950.6666 -0.611176    
 1950.7500 -0.631439    
 1950.8334 -0.677948    
 1950.9166 -0.665649    
 1951.0000 -0.618988    
 1951.0834 -0.638367    
 1951.1666 -0.625427    
 1951.2500 -0.585602    
 1951.3334 -0.568054    
 1951.4166 -0.575592    
 1951.5000 -0.583679    
 1951.5834 -0.595642    
 1951.6666 -0.610748    
 1951.7500 -0.639740    
 1951.8334 -0.670563    
 1951.9166 -0.661041    
 1952.0000 -0.645172    
 1952.0834 -0.641266    
 1952.1666 -0.603424    
 1952.2500 -0.599396    
 1952.3334 -0.573761    
 1952.4166 -0.584991    
 1952.5000 -0.603271    
 1952.5834 -0.619843    
 1952.6666 -0.652771    
 1952.7500 -0.666321    
 1952.8334 -0.691864    
 1952.9166 -0.649841    
 1953.0000 -0.653076    
 1953.0834 -0.606262    
 1953.1666 -0.618835    
 1953.2500 -0.613617    
 1953.3334 -0.599457    
 1953.4166 -0.618286    
 1953.5000 -0.620178    
 1953.5834 -0.645538    
 1953.6666 -0.649261    
 1953.7500 -0.674042    
 1953.8334 -0.688538    
 1953.9166 -0.656738    
 1954.0000 -0.663086    
 1954.0834 -0.654541    
 1954.1666 -0.613525    
 1954.2500 -0.604919    
 1954.3334 -0.582947    
 1954.4166 -0.594574    
 1954.5000 -0.604370    
 1954.5834 -0.605225    
 1954.6666 -0.629059    
 1954.7500 -0.649445    
 1954.8334 -0.682556    
 1954.9166 -0.665833    
 1955.0000 -0.640289    
 1955.0834 -0.629059    
 1955.1666 -0.601624    
 1955.2500 -0.583496    
 1955.3334 -0.587158    
 1955.4166 -0.586395    
 1955.5000 -0.609467    
 1955.5834 -0.604614    
 1955.6666 -0.618866    
 1955.7500 -0.668335    
 1955.8334 -0.677643    
 1955.9166 -0.672241    
 1956.0000 -0.638672    
 1956.0834 -0.627441    
 1956.1666 -0.623840    
 1956.2500 -0.586700    
 1956.3334 -0.577057    
 1956.4166 -0.582275    
 1956.5000 -0.581360    
 1956.5834 -0.592316    
 1956.6666 -0.607147    
 1956.7500 -0.641815    
 1956.8334 -0.655853    
 1956.9166 -0.628845    
 1957.0000 -0.603088    
 1957.0834 -0.579742    
 1957.1666 -0.553436    
 1957.2500 -0.564301    
 1957.3334 -0.564850    
 1957.4166 -0.556885    
 1957.5000 -0.562561    
 1957.5834 -0.582733    
 1957.6666 -0.584259    
 1957.7500 -0.623932    
 1957.8334 -0.652435    
 1957.9166 -0.637238    
 1958.0000 -0.633575    
 1958.0834 -0.598755    
 1958.1666 -0.581024    
 1958.2500 -0.567902    
 1958.3334 -0.567444    
 1958.4166 -0.569977    
 1958.5000 -0.582275    
 1958.5834 -0.574615    
 1958.6666 -0.606873    
 1958.7500 -0.634216    
 1958.8334 -0.650543    
 1958.9166 -0.644135    
 1959.0000 -0.613892    
 1959.0834 -0.597443    
 1959.1666 -0.595642    
 1959.2500 -0.592102    
 1959.3334 -0.567871    
 1959.4166 -0.580872    
 1959.5000 -0.583069    
 1959.5834 -0.589722    
 1959.6666 -0.587952    
 1959.7500 -0.607727    
 1959.8334 -0.625946    
 1959.9166 -0.631439    
 1960.0000 -0.614990    
 1960.0834 -0.586243    
 1960.1666 -0.560120    
 1960.2500 -0.531403    
 1960.3334 -0.533966    
 1960.4166 -0.533997    
 1960.5000 -0.533386    
 1960.5834 -0.560730    
 1960.6666 -0.592255    
 1960.7500 -0.622223    
 1960.8334 -0.631256    
 1960.9166 -0.623535    
 1961.0000 -0.597290    
 1961.0834 -0.581146    
 1961.1666 -0.563324    
 1961.2500 -0.557190    
 1961.3334 -0.549042    
 1961.4166 -0.541687    
 1961.5000 -0.568665    
 1961.5834 -0.596313    
 1961.6666 -0.619263    
 1961.7500 -0.632935    
 1961.8334 -0.633942    
 1961.9166 -0.629456    
 1962.0000 -0.636200    
 1962.0834 -0.595947    
 1962.1666 -0.582520    
 1962.2500 -0.574615    
 1962.3334 -0.597168    
 1962.4166 -0.596069    
 1962.5000 -0.601471    
 1962.5834 -0.620239    
 1962.6666 -0.622559    
 1962.7500 -0.636444    
 1962.8334 -0.650848    
 1962.9166 -0.652344    
 1963.0000 -0.636383    
 1963.0834 -0.632843    
 1963.1666 -0.607330    
 1963.2500 -0.620819    
 1963.3334 -0.623871    
 1963.4166 -0.646973    
 1963.5000 -0.665588    
 1963.5834 -0.690826    
 1963.6666 -0.709351    
 1963.7500 -0.742218    
 1963.8334 -0.779663    
 1963.9166 -0.810852    
 1964.0000 -0.841797    
 1964.0834 -0.830353    
 1964.1666 -0.801239    
 1964.2500 -0.777496    
 1964.3334 -0.787170    
 1964.4166 -0.813782    
 1964.5000 -0.804565    
 1964.5834 -0.802521    
 1964.6666 -0.822357    
 1964.7500 -0.856232    
 1964.8334 -0.855347    
 1964.9166 -0.841034    
 1965.0000 -0.804077    
 1965.0834 -0.783752    
 1965.1666 -0.756042    
 1965.2500 -0.730591    
 1965.3334 -0.748169    
 1965.4166 -0.743469    
 1965.5000 -0.759583    
 1965.5834 -0.760742    
 1965.6666 -0.782654    
 1965.7500 -0.815918    
 1965.8334 -0.820435    
 1965.9166 -0.810059    
 1966.0000 -0.750488    
 1966.0834 -0.742065    
 1966.1666 -0.743530    
 1966.2500 -0.714417    
 1966.3334 -0.717041    
 1966.4166 -0.688477    
 1966.5000 -0.714661    
 1966.5834 -0.719513    
 1966.6666 -0.740967    
 1966.7500 -0.767120    
 1966.8334 -0.777344    
 1966.9166 -0.797760    
 1967.0000 -0.772278    
 1967.0834 -0.718262    
 1967.1666 -0.695923    
 1967.2500 -0.655609    
 1967.3334 -0.649170    
 1967.4166 -0.660370    
 1967.5000 -0.700867    
 1967.5834 -0.679626    
 1967.6666 -0.704559    
 1967.7500 -0.739227    
 1967.8334 -0.745758    
 1967.9166 -0.723236    
 1968.0000 -0.725586    
 1968.0834 -0.687866    
 1968.1666 -0.659729    
 1968.2500 -0.654419    
 1968.3334 -0.634644    
 1968.4166 -0.652985    
 1968.5000 -0.669586    
 1968.5834 -0.663818    
 1968.6666 -0.696075    
 1968.7500 -0.733124    
 1968.8334 -0.749359    
 1968.9166 -0.743042    
 1969.0000 -0.698700    
 1969.0834 -0.694458    
 1969.1666 -0.666626    
 1969.2500 -0.654114    
 1969.3334 -0.652466    
 1969.4166 -0.656982    
 1969.5000 -0.673676    
 1969.5834 -0.696533    
 1969.6666 -0.720276    
 1969.7500 -0.753143    
 1969.8334 -0.743744    
 1969.9166 -0.727539    
 1970.0000 -0.685181    
 1970.0834 -0.642639    
 1970.1666 -0.661621    
 1970.2500 -0.655609    
 1970.3334 -0.643341    
 1970.4166 -0.631195    
 1970.5000 -0.647461    
 1970.5834 -0.670929    
 1970.6666 -0.660370    
 1970.7500 -0.697327    
 1970.8334 -0.676544    
 1970.9166 -0.703644    
 1971.0000 -0.639496    
 1971.0834 -0.616852    
 1971.1666 -0.608643    
 1971.2500 -0.593292    
 1971.3334 -0.592346    
 1971.4166 -0.584381    
 1971.5000 -0.595764    
 1971.5834 -0.604126    
 1971.6666 -0.609375    
 1971.7500 -0.619537    
 1971.8334 -0.661255    
 1971.9166 -0.651062    
 1972.0000 -0.623779    
 1972.0834 -0.582153    
 1972.1666 -0.569916    
 1972.2500 -0.551819    
 1972.3334 -0.557861    
 1972.4166 -0.555298    
 1972.5000 -0.556274    
 1972.5834 -0.588440    
 1972.6666 -0.617249    
 1972.7500 -0.660126    
 1972.8334 -0.651337    
 1972.9166 -0.637756    
 1973.0000 -0.605377    
 1973.0834 -0.587738    
 1973.1666 -0.574524    
 1973.2500 -0.567993    
 1973.3334 -0.541962    
 1973.4166 -0.555786    
 1973.5000 -0.585480    
 1973.5834 -0.596130    
 1973.6666 -0.613861    
 1973.7500 -0.626221    
 1973.8334 -0.640350    
 1973.9166 -0.618744    
 1974.0000 -0.578186    
 1974.0834 -0.572754    
 1974.1666 -0.584534    
 1974.2500 -0.547302    
 1974.3334 -0.555145    
 1974.4166 -0.550873    
 1974.5000 -0.558777    
 1974.5834 -0.581329    
 1974.6666 -0.597260    
 1974.7500 -0.618225    
 1974.8334 -0.633545    
 1974.9166 -0.643341    
 1975.0000 -0.586273    
 1975.0834 -0.572540    
 1975.1666 -0.566132    
 1975.2500 -0.556519    
 1975.3334 -0.577667    
 1975.4166 -0.596191    
 1975.5000 -0.590881    
 1975.5834 -0.605316    
 1975.6666 -0.621552    
 1975.7500 -0.646118    
 1975.8334 -0.672363    
 1975.9166 -0.668457    
 1976.0000 -0.625397    
 1976.0834 -0.616455    
 1976.1666 -0.589630    
 1976.2500 -0.580200    
 1976.3334 -0.553070    
 1976.4166 -0.547882    
 1976.5000 -0.558685    
 1976.5834 -0.582214    
 1976.6666 -0.600464    
 1976.7500 -0.625732    
 1976.8334 -0.651855    
 1976.9166 -0.629852    
 1977.0000 -0.596588    
 1977.0834 -0.559753    
 1977.1666 -0.542938    
 1977.2500 -0.539307    
 1977.3334 -0.516754    
 1977.4166 -0.502777    
 1977.5000 -0.532684    
 1977.5834 -0.542725    
 1977.6666 -0.565247    
 1977.7500 -0.580444    
 1977.8334 -0.589142    
 1977.9166 -0.554138    
 1978.0000 -0.499390    
 1978.0834 -0.504761    
 1978.1666 -0.484131    
 1978.2500 -0.451416    
 1978.3334 -0.442963    
 1978.4166 -0.455994    
 1978.5000 -0.482086    
 1978.5834 -0.499817    
 1978.6666 -0.499969    
 1978.7500 -0.531616    
 1978.8334 -0.528961    
 1978.9166 -0.532257    
 1979.0000 -0.471680    
 1979.0834 -0.466858    
 1979.1666 -0.442139    
 1979.2500 -0.449097    
 1979.3334 -0.453369    
 1979.4166 -0.457672    
 1979.5000 -0.447083    
 1979.5834 -0.471436    
 1979.6666 -0.459167    
 1979.7500 -0.477722    
 1979.8334 -0.483459    
 1979.9166 -0.461548    
 1980.0000 -0.471375    
 1980.0834 -0.453339    
 1980.1666 -0.422241    
 1980.2500 -0.404694    
 1980.3334 -0.401550    
 1980.4166 -0.398285    
 1980.5000 -0.407074    
 1980.5834 -0.422424    
 1980.6666 -0.449371    
 1980.7500 -0.472229    
 1980.8334 -0.474243    
 1980.9166 -0.452057    
 1981.0000 -0.424500    
 1981.0834 -0.400146    
 1981.1666 -0.388214    
 1981.2500 -0.369019    
 1981.3334 -0.359344    
 1981.4166 -0.366882    
 1981.5000 -0.393066    
 1981.5834 -0.400635    
 1981.6666 -0.402252    
 1981.7500 -0.440918    
 1981.8334 -0.432861    
 1981.9166 -0.421844    
 1982.0000 -0.410583    
 1982.0834 -0.394867    
 1982.1666 -0.371918    
 1982.2500 -0.395599    
 1982.3334 -0.409546    
 1982.4166 -0.421570    
 1982.5000 -0.437286    
 1982.5834 -0.477631    
 1982.6666 -0.511963    
 1982.7500 -0.559723    
 1982.8334 -0.564758    
 1982.9166 -0.571960    
 1983.0000 -0.534485    
 1983.0834 -0.518951    
 1983.1666 -0.536743    
 1983.2500 -0.537903    
 1983.3334 -0.564270    
 1983.4166 -0.589996    
 1983.5000 -0.581268    
 1983.5834 -0.580841    
 1983.6666 -0.595856    
 1983.7500 -0.623230    
 1983.8334 -0.598938    
 1983.9166 -0.581451    
 1984.0000 -0.524078    
 1984.0834 -0.515839    
 1984.1666 -0.481415    
 1984.2500 -0.471191    
 1984.3334 -0.466644    
 1984.4166 -0.470398    
 1984.5000 -0.459564    
 1984.5834 -0.465515    
 1984.6666 -0.511475    
 1984.7500 -0.526428    
 1984.8334 -0.528656    
 1984.9166 -0.519135    
 1985.0000 -0.475677    
 1985.0834 -0.458038    
 1985.1666 -0.444641    
 1985.2500 -0.441895    
 1985.3334 -0.428345    
 1985.4166 -0.423370    
 1985.5000 -0.450470    
 1985.5834 -0.449615    
 1985.6666 -0.460968    
 1985.7500 -0.454132    
 1985.8334 -0.480164    
 1985.9166 -0.460754    
 1986.0000 -0.450775    
 1986.0834 -0.421967    
 1986.1666 -0.419434    
 1986.2500 -0.408600    
 1986.3334 -0.386963    
 1986.4166 -0.392578    
 1986.5000 -0.409088    
 1986.5834 -0.407227    
 1986.6666 -0.416046    
 1986.7500 -0.447418    
 1986.8334 -0.437164    
 1986.9166 -0.422638    
 1987.0000 -0.372375    
 1987.0834 -0.388763    
 1987.1666 -0.362427    
 1987.2500 -0.352203    
 1987.3334 -0.343658    
 1987.4166 -0.337585    
 1987.5000 -0.361481    
 1987.5834 -0.369934    
 1987.6666 -0.366669    
 1987.7500 -0.374939    
 1987.8334 -0.395752    
 1987.9166 -0.377747    
 1988.0000 -0.334778    
 1988.0834 -0.316254    
 1988.1666 -0.321930    
 1988.2500 -0.326294    
 1988.3334 -0.304047    
 1988.4166 -0.303894    
 1988.5000 -0.312286    
 1988.5834 -0.342316    
 1988.6666 -0.326355    
 1988.7500 -0.344116    
 1988.8334 -0.344147    
 1988.9166 -0.361847    
 1989.0000 -0.323090    
 1989.0834 -0.363037    
 1989.1666 -0.300140    
 1989.2500 -0.287994    
 1989.3334 -0.278168    
 1989.4166 -0.263672    
 1989.5000 -0.282379    
 1989.5834 -0.291626    
 1989.6666 -0.274261    
 1989.7500 -0.284027    
 1989.8334 -0.305756    
 1989.9166 -0.297333    
 1990.0000 -0.267883    
 1990.0834 -0.238342    
 1990.1666 -0.227631    
 1990.2500 -0.229004    
 1990.3334 -0.212769    
 1990.4166 -0.217773    
 1990.5000 -0.229767    
 1990.5834 -0.246918    
 1990.6666 -0.241455    
 1990.7500 -0.243927    
 1990.8334 -0.248962    
 1990.9166 -0.255035    
 1991.0000 -0.241272    
 1991.0834 -0.237640    
 1991.1666 -0.224243    
 1991.2500 -0.236908    
 1991.3334 -0.232758    
 1991.4166 -0.248077    
 1991.5000 -0.261963    
 1991.5834 -0.287018    
 1991.6666 -0.332062    
 1991.7500 -0.369537    
 1991.8334 -0.411346    
 1991.9166 -0.441040    
 1992.0000 -0.484192    
 1992.0834 -0.464142    
 1992.1666 -0.473633    
 1992.2500 -0.509094    
 1992.3334 -0.511444    
 1992.4166 -0.533875    
 1992.5000 -0.524780    
 1992.5834 -0.543335    
 1992.6666 -0.554047    
 1992.7500 -0.535339    
 1992.8334 -0.544647    
 1992.9166 -0.522156    
 1993.0000 -0.496887    
 1993.0834 -0.476044    
 1993.1666 -0.455536    
 1993.2500 -0.428192    
 1993.3334 -0.422241    
 1993.4166 -0.427185    
 1993.5000 -0.425873    
 1993.5834 -0.443939    
 1993.6666 -0.441254    
 1993.7500 -0.455627    
 1993.8334 -0.488556    
 1993.9166 -0.476135    
 1994.0000 -0.412476    
 1994.0834 -0.405640    
 1994.1666 -0.392639    
 1994.2500 -0.369293    
 1994.3334 -0.358551    
 1994.4166 -0.349579    
 1994.5000 -0.360077    
 1994.5834 -0.344513    
 1994.6666 -0.363373    
 1994.7500 -0.377319    
 1994.8334 -0.394348    
 1994.9166 -0.374634    
 1995.0000 -0.372284    
 1995.0834 -0.361359    
 1995.1666 -0.343842    
 1995.2500 -0.318695    
 1995.3334 -0.290558    
 1995.4166 -0.301086    
 1995.5000 -0.294983    
 1995.5834 -0.284943    
 1995.6666 -0.276764    
 1995.7500 -0.295227    
 1995.8334 -0.280945    
 1995.9166 -0.283234    
 1996.0000 -0.293182    
 1996.0834 -0.246948    
 1996.1666 -0.239716    
 1996.2500 -0.241211    
 1996.3334 -0.220947    
 1996.4166 -0.217773    
 1996.5000 -0.226288    
 1996.5834 -0.227539    
 1996.6666 -0.216248    
 1996.7500 -0.198730    
 1996.8334 -0.240753    
 1996.9166 -0.252441    
 1997.0000 -0.214874    
 1997.0834 -0.197754    
 1997.1666 -0.191040    
 1997.2500 -0.165802    
 1997.3334 -0.146362    
 1997.4166 -0.145477    
 1997.5000 -0.153564    
 1997.5834 -0.180634    
 1997.6666 -0.167358    
 1997.7500 -0.159729    
 1997.8334 -0.158936    
 1997.9166 -0.170258    
 1998.0000 -0.184998    
 1998.0834 -0.155762    
 1998.1666 -0.145416    
 1998.2500 -0.135315    
 1998.3334 -0.123871    
 1998.4166 -0.123779    
 1998.5000 -0.129486    
 1998.5834 -0.151733    
 1998.6666 -0.155670    
 1998.7500 -0.142334    
 1998.8334 -0.155853    
 1998.9166 -0.217743    
 1999.0000 -0.180878    
 1999.0834 -0.161041    
 1999.1666 -0.128326    
 1999.2500 -0.140015    
 1999.3334 -0.119568    
 1999.4166 -0.106171    
 1999.5000 -0.118286    
 1999.5834 -0.125336    
 1999.6666 -0.108368    
 1999.7500 -0.991211E-01
 1999.8334 -0.101563    
 1999.9166 -0.104736    
 2000.0000 -0.115997    
 2000.0834 -0.986633E-01
 2000.1666 -0.936279E-01
 2000.2500 -0.830078E-01
 2000.3334 -0.663452E-01
 2000.4166 -0.567932E-01
 2000.5000 -0.582886E-01
 2000.5834 -0.551147E-01
 2000.6666 -0.480652E-01
 2000.7500 -0.539246E-01
 2000.8334 -0.682373E-01
 2000.9166 -0.568542E-01
 2001.0000 -0.518799E-01
 2001.0834 -0.544434E-01
 2001.1666 -0.420227E-01
 2001.2500 -0.711060E-02
 2001.3334 -0.106812E-02
 2001.4166 -0.177002E-02
 2001.5000  0.912476E-02
 2001.5834  0.102844E-01
 2001.6666  0.124512E-01
 2001.7500 -0.103455E-01
 2001.8334 -0.994873E-02
 2001.9166  0.112610E-01
 2002.0000  0.522156E-01
 2002.0834  0.194397E-01
 2002.1666 -0.112915E-02
 2002.2500  0.119019E-01
 2002.3334 -0.384521E-02
 2002.4166  0.112305E-01
 2002.5000  0.168152E-01
 2002.5834  0.133667E-01
 2002.6666  0.141296E-01
 2002.7500  0.336609E-01
 2002.8334  0.360413E-01
 2002.9166  0.287476E-01
 2003.0000  0.415039E-01
 2003.0834  0.263367E-01
 2003.1666 -0.451660E-02
 2003.2500  0.227051E-01
 2003.3334  0.186462E-01
 2003.4166  0.218201E-01
 2003.5000  0.201111E-01
 2003.5834  0.506592E-02
 2003.6666  0.290527E-01
 2003.7500  0.315552E-01
 2003.8334  0.366516E-01
 2003.9166  0.268555E-01
 2004.0000  0.152283E-01
 2004.0834  0.415344E-01
 2004.1666  0.396729E-01
 2004.2500  0.401001E-01
 2004.3334  0.303345E-01
 2004.4166  0.351257E-01
 2004.5000  0.421143E-01
 2004.5834  0.429688E-01
 2004.6666  0.433350E-01
 2004.7500  0.674744E-01
 2004.8334  0.808411E-01
 2004.9166  0.802612E-01
 2005.0000  0.643005E-01
 2005.0834  0.858459E-01
 2005.1666  0.803833E-01
 2005.2500  0.776978E-01
 2005.3334  0.765381E-01
 2005.4166  0.802307E-01
 2005.5000  0.714111E-01
 2005.5834  0.767822E-01
 2005.6666  0.714417E-01
 2005.7500  0.765686E-01
 2005.8334  0.815430E-01
 2005.9166  0.537415E-01
 2006.0000  0.890198E-01
 2006.0834  0.758362E-01
 2006.1666  0.714722E-01
 2006.2500  0.697021E-01
 2006.3334  0.855408E-01
 2006.4166  0.999146E-01
 2006.5000  0.744324E-01
 2006.5834  0.856628E-01
 2006.6666  0.746460E-01
 2006.7500  0.107880    
 2006.8334  0.142456    
 2006.9166  0.111145    
 2007.0000  0.118713    
 2007.0834  0.115448    
 2007.1666  0.109985    
 2007.2500  0.106384    
 2007.3334  0.982361E-01
 2007.4166  0.860291E-01
 2007.5000  0.659180E-01
 2007.5834  0.968628E-01
 2007.6666  0.798340E-01
 2007.7500  0.101471    
 2007.8334  0.114563    
 2007.9166  0.757446E-01
 2008.0000  0.996094E-01
 2008.0834  0.112152    
 2008.1666  0.102875    
 2008.2500  0.102081    
 2008.3334  0.968323E-01
 2008.4166  0.101318    
 2008.5000  0.951233E-01
 2008.5834  0.110870    
 2008.6666  0.104034    
 2008.7500  0.129578    
 2008.8334  0.134857    
 2008.9166  0.105164    
 2009.0000  0.129425    
 2009.0834  0.123749    
 2009.1666  0.931702E-01
 2009.2500  0.106689    
 2009.3334  0.123138    
 2009.4166  0.114502    
 2009.5000  0.111511    
 2009.5834  0.126465    
 2009.6666  0.125336    
 2009.7500  0.151459    
 2009.8334  0.171356    
 2009.9166  0.119965    
 2010.0000  0.147217    
 2010.0834  0.162048    
 2010.1666  0.157959    
 2010.2500  0.141083    
 2010.3334  0.136658    
 2010.4166  0.150330    
 2010.5000  0.129639    
 2010.5834  0.142365    
 2010.6666  0.154541    
 2010.7500  0.174164    
 2010.8334  0.162964    
 2010.9166  0.157867    
 2011.0000  0.190704    
 2011.0834  0.153534    
 2011.1666  0.156281    
 2011.2500  0.170685    
 2011.3334  0.147949    
 2011.4166  0.174622    
 2011.5000  0.162415    
 2011.5834  0.152557    
 2011.6666  0.180542    
 2011.7500  0.194275    
 2011.8334  0.156250    
 2011.9166  0.172363    
 2012.0000  0.199707    
 2012.0834  0.207153    
 2012.1666  0.183380    
 2012.2500  0.177002    
 2012.3334  0.190338    
 2012.4166  0.178925    
 2012.5000  0.173218    
 2012.5834  0.200287    
 2012.6666  0.208435    
 2012.7500  0.194855    
 2012.8334  0.200165    
 2012.9166  0.219940    
 2013.0000  0.226410    
 2013.0834  0.264648    
 2013.1666  0.245178    
 2013.2500  0.246887    
 2013.3334  0.227448    
 2013.4166  0.235718    
 2013.5000  0.227936    
 2013.5834  0.224670    
 2013.6666  0.241241    
 2013.7500  0.260284    
 2013.8334  0.267639    
 2013.9166  0.289154    
 2014.0000  0.292023    
 2014.0834  0.268463    
 2014.1666  0.289063    
 2014.2500  0.289398    
 2014.3334  0.271545    
 2014.4166  0.260223    
 2014.5000  0.247925    
 2014.5834  0.246674    
 2014.6666  0.271851    
 2014.7500  0.278381    
 2014.8334  0.284851    
 2014.9166  0.294342    
 2015.0000  0.279816    
 2015.0834  0.249756    
 2015.1666  0.249664    
 2015.2500  0.246094    
 2015.3334  0.237030    
 2015.4166  0.247223    
 2015.5000  0.273926    
 2015.5834  0.261078    
 2015.6666  0.272736    
 2015.7500  0.287659    
 2015.8334  0.315643    
 2015.9166  0.319855    
 2016.0000  0.322021    
 2016.0834  0.318237    
 2016.1666  0.292480    
 2016.2500  0.293396    
 2016.3334  0.277039    
 2016.4166  0.309021    
 2016.5000  0.295135    
 2016.5834  0.288757    
 2016.6666  0.303833    
 2016.7500  0.322083    
 2016.8334  0.327942    
 2016.9166  0.304840    
 2017.0000  0.327606    
 2017.0834  0.320251    
 2017.1666  0.312958    
 2017.2500  0.299591    
 2017.3334  0.294434    
 2017.4166  0.300018    
 2017.5000  0.310425    
 2017.5834  0.306061    
 2017.6666  0.331848    
 2017.7500  0.334656    
 2017.8334  0.365753    
 2017.9166  0.333649    
 2018.0000  0.329102    
 2018.0834  0.346954    
 2018.1666  0.351166    
 2018.2500  0.311096    
 2018.3334  0.294647    
 2018.4166  0.304718    
 2018.5000  0.290619    
 2018.5834  0.322968    
 2018.6666  0.326630    
 2018.7500  0.338379    
 2018.8334  0.346436    
 2018.9166  0.346252    
 2019.0000  0.333923    
 2019.0834  0.328156    
 2019.1666  0.348877    
 2019.2500  0.345306    
 2019.3334  0.328247    
 2019.4166  0.325104    
 2019.5000  0.318237    
 2019.5834  0.348572    
 2019.6666  0.354126    
 2019.7500  0.378082    
 2019.8334  0.381958    
 2019.9166  0.376465    
 2020.0000  0.378815    
 2020.0834  0.360840    
 2020.1666  0.343170    
 2020.2500  0.351593    
 2020.3334  0.356934    
 2020.4166  0.340302    
 2020.5000  0.338440    
 2020.5834  0.339478    
 2020.6666  0.363525    
 2020.7500  0.393372    
 2020.8334  0.401855    
 2020.9166  0.390747    
 2021.0000  0.421509    
 2021.0834  0.415741    
 2021.1666  0.421356    
 2021.2500  0.414307    
 2021.3334  0.391541    
 2021.4166  0.375519    
 2021.5000  0.371735    
 2021.5834  0.378571    
 2021.6666  0.392639    
 2021.7500  0.441956    
 2021.8334  0.423065    
 2021.9166  0.425751    
 2022.0000  0.457703    
 2022.0834  0.433136    
 2022.1666  0.407867    
 2022.2500  0.377197    
 2022.3334  0.382629    
 2022.4166  0.397308    
 2022.5000  0.401337    
 2022.5834  0.424164    
 2022.6666  0.430450    
 2022.7500  0.441956    
 2022.8334  0.474152    
 2022.9166  0.469147    
 2023.0000  0.479401    
 2023.0834  0.493439    
 2023.1666  0.456879    
 2023.2500  0.432007    
 2023.3334  0.428741    
 2023.4166  0.428802    
 2023.5000  0.436615    
 2023.5834  0.440063    
 2023.6666  0.464233    
 2023.7500  0.522064    
 2023.8334  0.521637    
 2023.9166  0.500244    
 2024.0000  0.517700    
 2024.0834  0.520355    
 2024.1666  0.499084    
 2024.2500  0.479309    
 2024.3334  0.462036    
 2024.4166  0.463104    
 2024.5000  0.488037    
 2024.5834  0.486176    
 2024.6666  0.498230    
 2024.7500  0.538757    
 2024.8334  0.567841    
 2024.9166  0.558960    
 2025.0000  0.557098    
 2025.0834  0.530151    
 2025.1666  0.527466    
 2025.2500  0.519409    
 2025.3334  0.513733    
 2025.4166  0.506927    
 2025.5000  0.493317    
 2025.5834  0.497559    
 2025.6666  0.525452    
 2025.7500  0.559875    
 2025.8334  0.557159    
 2025.9166  0.547241    
 2026.0000  0.552399    
 2026.0834  0.572052    
 2026.1666  0.532776    
 2026.2500  0.522491    
 2026.3334  0.543030    
 2026.4166  0.537018    
 2026.5000  0.557617    
 2026.5834  0.550781    
 2026.6666  0.585236    
 2026.7500  0.622955    
 2026.8334  0.644745    
 2026.9166  0.631561    
 2027.0000  0.635010    
 2027.0834  0.596741    
 2027.1666  0.596985    
 2027.2500  0.564392    
 2027.3334  0.550446    
 2027.4166  0.545319    
 2027.5000  0.553314    
 2027.5834  0.569183    
 2027.6666  0.582336    
 2027.7500  0.610962    
 2027.8334  0.625946    
 2027.9166  0.629761    
 2028.0000  0.616821    
 2028.0834  0.608459    
 2028.1666  0.592072    
 2028.2500  0.584991    
 2028.3334  0.572632    
 2028.4166  0.563202    
 2028.5000  0.562225    
 2028.5834  0.571167    
 2028.6666  0.598450    
 2028.7500  0.623871    
 2028.8334  0.638458    
 2028.9166  0.632141    
 2029.0000  0.633728    
 2029.0834  0.628357    
 2029.1666  0.613068    
 2029.2500  0.599701    
 2029.3334  0.565033    
 2029.4166  0.583221    
 2029.5000  0.578827    
 2029.5834  0.585083    
 2029.6666  0.606750    
 2029.7500  0.644684    
 2029.8334  0.660248    
 2029.9166  0.671967    
 2030.0000  0.641327    
 2030.0834  0.636139    
 2030.1666  0.610260    
 2030.2500  0.575500    
 2030.3334  0.577759    
 2030.4166  0.575928    
 2030.5000  0.581940    
 2030.5834  0.585663    
 2030.6666  0.626129    
 2030.7500  0.676056    
 2030.8334  0.674255    
 2030.9166  0.674438    
 2031.0000  0.664917    
 2031.0834  0.651337    
 2031.1666  0.662384    
 2031.2500  0.623596    
 2031.3334  0.604950    
 2031.4166  0.609802    
 2031.5000  0.631622    
 2031.5834  0.623566    
 2031.6666  0.664642    
 2031.7500  0.716675    
 2031.8334  0.729340    
 2031.9166  0.715454    
 2032.0000  0.707520    
 2032.0834  0.697540    
 2032.1666  0.688873    
 2032.2500  0.674286    
 2032.3334  0.649048    
 2032.4166  0.658508    
 2032.5000  0.660919    
 2032.5834  0.645660    
 2032.6666  0.685944    
 2032.7500  0.729156    
 2032.8334  0.744537    
 2032.9166  0.733765    
 2033.0000  0.721222    
 2033.0834  0.720459    
 2033.1666  0.669983    
 2033.2500  0.694702    
 2033.3334  0.678833    
 2033.4166  0.668823    
 2033.5000  0.664520    
 2033.5834  0.664764    
 2033.6666  0.704254    
 2033.7500  0.733582    
 2033.8334  0.753448    
 2033.9166  0.744843    
 2034.0000  0.752319    
 2034.0834  0.719452    
 2034.1666  0.694885    
 2034.2500  0.684509    
 2034.3334  0.680634    
 2034.4166  0.678802    
 2034.5000  0.697937    
 2034.5834  0.722168    
 2034.6666  0.750824    
 2034.7500  0.800964    
 2034.8334  0.796753    
 2034.9166  0.786438    
 2035.0000  0.784424    
 2035.0834  0.735046    
 2035.1666  0.726563    
 2035.2500  0.722382    
 2035.3334  0.707550    
 2035.4166  0.718719    
 2035.5000  0.723633    
 2035.5834  0.724060    
 2035.6666  0.754242    
 2035.7500  0.800568    
 2035.8334  0.798157    
 2035.9166  0.796448    
 2036.0000  0.818115    
 2036.0834  0.775635    
 2036.1666  0.737976    
 2036.2500  0.748688    
 2036.3334  0.736237    
 2036.4166  0.712128    
 2036.5000  0.726929    
 2036.5834  0.748779    
 2036.6666  0.767853    
 2036.7500  0.823761    
 2036.8334  0.851349    
 2036.9166  0.851868    
 2037.0000  0.867401    
 2037.0834  0.836456    
 2037.1666  0.794769    
 2037.2500  0.785492    
 2037.3334  0.771332    
 2037.4166  0.756531    
 2037.5000  0.764740    
 2037.5834  0.781158    
 2037.6666  0.808228    
 2037.7500  0.841156    
 2037.8334  0.880737    
 2037.9166  0.850647    
 2038.0000  0.859619    
 2038.0834  0.846436    
 2038.1666  0.825470    
 2038.2500  0.797089    
 2038.3334  0.795746    
 2038.4166  0.780731    
 2038.5000  0.789215    
 2038.5834  0.810669    
 2038.6666  0.835236    
 2038.7500  0.857483    
 2038.8334  0.915955    
 2038.9166  0.895660    
 2039.0000  0.843109    
 2039.0834  0.811462    
 2039.1666  0.809479    
 2039.2500  0.813385    
 2039.3334  0.802155    
 2039.4166  0.800018    
 2039.5000  0.822632    
 2039.5834  0.835968    
 2039.6666  0.854248    
 2039.7500  0.892578    
 2039.8334  0.939941    
 2039.9166  0.919647    
 2040.0000  0.896606    
 2040.0834  0.898163    
 2040.1666  0.857666    
 2040.2500  0.851685    
 2040.3334  0.841156    
 2040.4166  0.826324    
 2040.5000  0.825226    
 2040.5834  0.847778    
 2040.6666  0.889343    
 2040.7500  0.937958    
 2040.8334  0.954651    
 2040.9166  0.942047    
 2041.0000  0.906616    
 2041.0834  0.901459    
 2041.1666  0.890686    
 2041.2500  0.870392    
 2041.3334  0.858643    
 2041.4166  0.849213    
 2041.5000  0.860535    
 2041.5834  0.873871    
 2041.6666  0.884125    
 2041.7500  0.954681    
 2041.8334  0.976837    
 2041.9166  0.977356    
 2042.0000  0.957703    
 2042.0834  0.933258    
 2042.1666  0.918579    
 2042.2500  0.882996    
 2042.3334  0.844940    
 2042.4166  0.862030    
 2042.5000  0.858917    
 2042.5834  0.876678    
 2042.6666  0.912750    
 2042.7500  0.954956    
 2042.8334   1.01395    
 2042.9166  0.973846    
 2043.0000  0.990204    
 2043.0834  0.954437    
 2043.1666  0.911285    
 2043.2500  0.900208    
 2043.3334  0.878540    
 2043.4166  0.865204    
 2043.5000  0.883423    
 2043.5834  0.912262    
 2043.6666  0.937836    
 2043.7500  0.986877    
 2043.8334   1.02634    
 2043.9166   1.01895    
 2044.0000  0.995728    
 2044.0834  0.972534    
 2044.1666  0.947083    
 2044.2500  0.917999    
 2044.3334  0.902130    
 2044.4166  0.895630    
 2044.5000  0.906738    
 2044.5834  0.934082    
 2044.6666  0.958130    
 2044.7500   1.01907    
 2044.8334   1.03616    
 2044.9166   1.03867    
 2045.0000  0.993500    
 2045.0834  0.992645    
 2045.1666  0.975677    
 2045.2500  0.933197    
 2045.3334  0.928040    
 2045.4166  0.905121    
 2045.5000  0.926422    
 2045.5834  0.927765    
 2045.6666  0.968048    
 2045.7500   1.01868    
 2045.8334   1.05634    
 2045.9166   1.04205    
 2046.0000   1.03601    
 2046.0834   1.00375    
 2046.1666  0.976959    
 2046.2500  0.954498    
 2046.3334  0.936951    
 2046.4166  0.920410    
 2046.5000  0.933319    
 2046.5834  0.969360    
 2046.6666   1.01273    
 2046.7500   1.06747    
 2046.8334   1.10196    
 2046.9166   1.10135    
 2047.0000   1.08722    
 2047.0834   1.05475    
 2047.1666   1.05597    
 2047.2500   1.00198    
 2047.3334  0.975739    
 2047.4166  0.966309    
 2047.5000  0.978333    
 2047.5834   1.00128    
 2047.6666   1.01874    
 2047.7500   1.06497    
 2047.8334   1.09286    
 2047.9166   1.11115    
 2048.0000   1.09952    
 2048.0833   1.06326    
 2048.1667   1.03976    
 2048.2500   1.00809    
 2048.3333  0.992157    
 2048.4167  0.986206    
 2048.5000  0.992737    
 2048.5833  0.997986    
 2048.6667   1.02972    
 2048.7500   1.07217    
 2048.8333   1.11215    
 2048.9167   1.12335    
 2049.0000   1.11572    
 2049.0833   1.10385    
 2049.1667   1.07858    
 2049.2500   1.03870    
 2049.3333   1.02255    
 2049.4167   1.01312    
 2049.5000   1.01913    
 2049.5833   1.04147    
 2049.6667   1.07245    
 2049.7500   1.12448    
 2049.8333   1.15616    
 2049.9167   1.14676    
 2050.0000   1.11392    
 2050.0833   1.12134    
 2050.1667   1.10156    
 2050.2500   1.04099    
 2050.3333   1.03485    
 2050.4167   1.03082    
 2050.5000   1.04721    
 2050.5833   1.07736    
 2050.6667   1.08173    
 2050.7500   1.15366    
 2050.8333   1.22345    
 2050.9167   1.22687    
 2051.0000   1.19232    
 2051.0833   1.16034    
 2051.1667   1.13599    
 2051.2500   1.09781    
 2051.3333   1.06723    
 2051.4167   1.06451    
 2051.5000   1.06631    
 2051.5833   1.07898    
 2051.6667   1.11255    
 2051.7500   1.15967    
 2051.8333   1.17575    
 2051.9167   1.19366    
 2052.0000   1.17941    
 2052.0833   1.14404    
 2052.1667   1.12457    
 2052.2500   1.09250    
 2052.3333   1.05383    
 2052.4167   1.05411    
 2052.5000   1.08423    
 2052.5833   1.09256    
 2052.6667   1.12134    
 2052.7500   1.17838    
 2052.8333   1.20944    
 2052.9167   1.23514    
 2053.0000   1.22821    
 2053.0833   1.18423    
 2053.1667   1.16129    
 2053.2500   1.13300    
 2053.3333   1.08246    
 2053.4167   1.09351    
 2053.5000   1.09622    
 2053.5833   1.11386    
 2053.6667   1.14923    
 2053.7500   1.20477    
 2053.8333   1.24875    
 2053.9167   1.24316    
 2054.0000   1.22382    
 2054.0833   1.16956    
 2054.1667   1.14948    
 2054.2500   1.11630    
 2054.3333   1.09375    
 2054.4167   1.09262    
 2054.5000   1.11264    
 2054.5833   1.12137    
 2054.6667   1.15494    
 2054.7500   1.22708    
 2054.8333   1.27466    
 2054.9167   1.24814    
 2055.0000   1.26370    
 2055.0833   1.23056    
 2055.1667   1.19217    
 2055.2500   1.15829    
 2055.3333   1.11826    
 2055.4167   1.12433    
 2055.5000   1.14102    
 2055.5833   1.16528    
 2055.6667   1.18704    
 2055.7500   1.27966    
 2055.8333   1.29764    
 2055.9167   1.31274    
 2056.0000   1.30270    
 2056.0833   1.24216    
 2056.1667   1.17087    
 2056.2500   1.17340    
 2056.3333   1.13153    
 2056.4167   1.12732    
 2056.5000   1.14352    
 2056.5833   1.14017    
 2056.6667   1.18564    
 2056.7500   1.24908    
 2056.8333   1.29306    
 2056.9167   1.28775    
 2057.0000   1.25052    
 2057.0833   1.24274    
 2057.1667   1.20877    
 2057.2500   1.18359    
 2057.3333   1.15573    
 2057.4167   1.14362    
 2057.5000   1.15073    
 2057.5833   1.16476    
 2057.6667   1.18494    
 2057.7500   1.27148    
 2057.8333   1.31934    
 2057.9167   1.31305    
 2058.0000   1.29071    
 2058.0833   1.27185    
 2058.1667   1.24387    
 2058.2500   1.21640    
 2058.3333   1.18655    
 2058.4167   1.18671    
 2058.5000   1.20822    
 2058.5833   1.22437    
 2058.6667   1.25064    
 2058.7500   1.30988    
 2058.8333   1.35165    
 2058.9167   1.36417    
 2059.0000   1.35370    
 2059.0833   1.31314    
 2059.1667   1.24387    
 2059.2500   1.23529    
 2059.3333   1.22473    
 2059.4167   1.20880    
 2059.5000   1.22122    
 2059.5833   1.22778    
 2059.6667   1.27524    
 2059.7500   1.35498    
 2059.8333   1.40845    
 2059.9167   1.39426    
 2060.0000   1.37680    
 2060.0833   1.32324    
 2060.1667   1.30356    
 2060.2500   1.28619    
 2060.3333   1.25763    
 2060.4167   1.23782    
 2060.5000   1.23764    
 2060.5833   1.26367    
 2060.6667   1.30234    
 2060.7500   1.35028    
 2060.8333   1.43924    
 2060.9167   1.41165    
 2061.0000   1.36951    
 2061.0833   1.32654    
 2061.1667   1.28159    
 2061.2500   1.24890    
 2061.3333   1.22433    
 2061.4167   1.24191    
 2061.5000   1.25851    
 2061.5833   1.26416    
 2061.6667   1.30093    
 2061.7500   1.36667    
 2061.8333   1.40326    
 2061.9167   1.40674    
 2062.0000   1.37790    
 2062.0833   1.32355    
 2062.1667   1.30707    
 2062.2500   1.25140    
 2062.3333   1.21054    
 2062.4167   1.22391    
 2062.5000   1.23703    
 2062.5833   1.26157    
 2062.6667   1.28802    
 2062.7500   1.35788    
 2062.8333   1.39496    
 2062.9167   1.37366    
 2063.0000   1.35440    
 2063.0833   1.33694    
 2063.1667   1.31006    
 2063.2500   1.28159    
 2063.3333   1.24384    
 2063.4167   1.25061    
 2063.5000   1.26654    
 2063.5833   1.29706    
 2063.6667   1.33044    
 2063.7500   1.39798    
 2063.8333   1.44244    
 2063.9167   1.45737    
 2064.0000   1.42880    
 2064.0833   1.39935    
 2064.1667   1.35666    
 2064.2500   1.33618    
 2064.3333   1.29715    
 2064.4167   1.29730    
 2064.5000   1.29202    
 2064.5833   1.30627    
 2064.6667   1.36462    
 2064.7500   1.41238    
 2064.8333   1.46695    
 2064.9167   1.46045    
 2065.0000   1.45880    
 2065.0833   1.40335    
 2065.1667   1.36877    
 2065.2500   1.31479    
 2065.3333   1.29984    
 2065.4167   1.29742    
 2065.5000   1.29791    
 2065.5833   1.33398    
 2065.6667   1.37134    
 2065.7500   1.43146    
 2065.8333   1.47775    
 2065.9167   1.47064    
 2066.0000   1.47052    
 2066.0833   1.42175    
 2066.1667   1.38177    
 2066.2500   1.33969    
 2066.3333   1.29364    
 2066.4167   1.28891    
 2066.5000   1.29932    
 2066.5833   1.32407    
 2066.6667   1.36093    
 2066.7500   1.43878    
 2066.8333   1.48804    
 2066.9167   1.50006    
 2067.0000   1.48541    
 2067.0833   1.43686    
 2067.1667   1.36829    
 2067.2500   1.34250    
 2067.3333   1.32526    
 2067.4167   1.31592    
 2067.5000   1.33133    
 2067.5833   1.35837    
 2067.6667   1.38455    
 2067.7500   1.44476    
 2067.8333   1.50595    
 2067.9167   1.51685    
 2068.0000   1.48950    
 2068.0833   1.44003    
 2068.1667   1.40146    
 2068.2500   1.36841    
 2068.3333   1.33286    
 2068.4167   1.30920    
 2068.5000   1.30902    
 2068.5833   1.33817    
 2068.6667   1.36453    
 2068.7500   1.43466    
 2068.8333   1.48926    
 2068.9167   1.49155    
 2069.0000   1.46143    
 2069.0833   1.39594    
 2069.1667   1.36026    
 2069.2500   1.32019    
 2069.3333   1.31073    
 2069.4167   1.29431    
 2069.5000   1.31064    
 2069.5833   1.32858    
 2069.6667   1.39215    
 2069.7500   1.48657    
 2069.8333   1.51556    
 2069.9167   1.53506    
 2070.0000   1.55441    
 2070.0833   1.46344    
 2070.1667   1.41727    
 2070.2500   1.38629    
 2070.3333   1.34744    
 2070.4167   1.34192    
 2070.5000   1.33862    
 2070.5833   1.36987    
 2070.6667   1.38654    
 2070.7500   1.48068    
 2070.8333   1.52084    
 2070.9167   1.50256    
 2071.0000   1.49631    
 2071.0833   1.44434    
 2071.1667   1.43478    
 2071.2500   1.39410    
 2071.3333   1.36633    
 2071.4167   1.37253    
 2071.5000   1.39072    
 2071.5833   1.40967    
 2071.6667   1.42923    
 2071.7500   1.51776    
 2071.8333   1.54706    
 2071.9167   1.54306    
 2072.0000   1.52551    
 2072.0833   1.50955    
 2072.1667   1.42148    
 2072.2500   1.40091    
 2072.3333   1.38403    
 2072.4167   1.36880    
 2072.5000   1.39063    
 2072.5833   1.42346    
 2072.6667   1.43585    
 2072.7500   1.51718    
 2072.8333   1.59424    
 2072.9167   1.60696    
 2073.0000   1.57852    
 2073.0833   1.51706    
 2073.1667   1.48126    
 2073.2500   1.42261    
 2073.3333   1.39584    
 2073.4167   1.40002    
 2073.5000   1.41364    
 2073.5833   1.44458    
 2073.6667   1.47824    
 2073.7500   1.54077    
 2073.8333   1.58694    
 2073.9167   1.59647    
 2074.0000   1.59091    
 2074.0833   1.49536    
 2074.1667   1.46347    
 2074.2500   1.44128    
 2074.3333   1.39044    
 2074.4167   1.38651    
 2074.5000   1.38812    
 2074.5833   1.40576    
 2074.6667   1.46664    
 2074.7500   1.51367    
 2074.8333   1.56146    
 2074.9167   1.55756    
 2075.0000   1.54080    
 2075.0833   1.50766    
 2075.1667   1.45398    
 2075.2500   1.43890    
 2075.3333   1.38943    
 2075.4167   1.38431    
 2075.5000   1.40521    
 2075.5833   1.43488    
 2075.6667   1.46063    
 2075.7500   1.54318    
 2075.8333   1.59256    
 2075.9167   1.60556    
 2076.0000   1.59372    
 2076.0833   1.52875    
 2076.1667   1.48776    
 2076.2500   1.43478    
 2076.3333   1.38864    
 2076.4167   1.38782    
 2076.5000   1.41132    
 2076.5833   1.44348    
 2076.6667   1.48245    
 2076.7500   1.54077    
 2076.8333   1.61115    
 2076.9167   1.60464    
 2077.0000   1.59943    
 2077.0833   1.54776    
 2077.1667   1.48596    
 2077.2500   1.46759    
 2077.3333   1.42474    
 2077.4167   1.42010    
 2077.5000   1.45062    
 2077.5833   1.46677    
 2077.6667   1.50912    
 2077.7500   1.59088    
 2077.8333   1.63995    
 2077.9167   1.63187    
 2078.0000   1.64832    
 2078.0833   1.58035    
 2078.1667   1.52646    
 2078.2500   1.48801    
 2078.3333   1.45734    
 2078.4167   1.45120    
 2078.5000   1.47144    
 2078.5833   1.49057    
 2078.6667   1.51495    
 2078.7500   1.58728    
 2078.8333   1.66895    
 2078.9167   1.69125    
 2079.0000   1.64603    
 2079.0833   1.60666    
 2079.1667   1.55878    
 2079.2500   1.53571    
 2079.3333   1.47086    
 2079.4167   1.46152    
 2079.5000   1.46973    
 2079.5833   1.49329    
 2079.6667   1.53354    
 2079.7500   1.61258    
 2079.8333   1.68765    
 2079.9167   1.68936    
 2080.0000   1.65750    
 2080.0833   1.57944    
 2080.1667   1.54388    
 2080.2500   1.51169    
 2080.3333   1.47583    
 2080.4167   1.45782    
 2080.5000   1.47263    
 2080.5833   1.51807    
 2080.6667   1.54605    
 2080.7500   1.60098    
 2080.8333   1.65396    
 2080.9167   1.67255    
 2081.0000   1.65942    
 2081.0833   1.60846    
 2081.1667   1.53046    
 2081.2500   1.48450    
 2081.3333   1.45905    
 2081.4167   1.44351    
 2081.5000   1.46713    
 2081.5833   1.49747    
 2081.6667   1.54163    
 2081.7500   1.60916    
 2081.8333   1.68814    
 2081.9167   1.66144    
 2082.0000   1.65320    
 2082.0833   1.62024    
 2082.1667   1.54816    
 2082.2500   1.52200    
 2082.3333   1.49286    
 2082.4167   1.47293    
 2082.5000   1.48404    
 2082.5833   1.51828    
 2082.6667   1.56384    
 2082.7500   1.62637    
 2082.8333   1.67474    
 2082.9167   1.68027    
 2083.0000   1.65561    
 2083.0833   1.60565    
 2083.1667   1.56406    
 2083.2500   1.50049    
 2083.3333   1.49084    
 2083.4167   1.47931    
 2083.5000   1.48901    
 2083.5833   1.51456    
 2083.6667   1.54114    
 2083.7500   1.60757    
 2083.8333   1.68365    
 2083.9167   1.65515    
 2084.0000   1.67191    
 2084.0833   1.61325    
 2084.1667   1.59708    
 2084.2500   1.52948    
 2084.3333   1.49014    
 2084.4167   1.48492    
 2084.5000   1.48853    
 2084.5833   1.50876    
 2084.6667   1.56345    
 2084.7500   1.63947    
 2084.8333   1.69244    
 2084.9167   1.69315    
 2085.0000   1.67511    
 2085.0833   1.61096    
 2085.1667   1.58426    
 2085.2500   1.53250    
 2085.3333   1.49506    
 2085.4167   1.48080    
 2085.5000   1.50632    
 2085.5833   1.53488    
 2085.6667   1.57745    
 2085.7500   1.63657    
 2085.8333   1.68155    
 2085.9167   1.69675    
 2086.0000   1.69083    
 2086.0833   1.65326    
 2086.1667   1.62198    
 2086.2500   1.55258    
 2086.3333   1.52155    
 2086.4167   1.50662    
 2086.5000   1.51013    
 2086.5833   1.54718    
 2086.6667   1.58545    
 2086.7500   1.63596    
 2086.8333   1.70435    
 2086.9167   1.71866    
 2087.0000   1.71701    
 2087.0833   1.65674    
 2087.1667   1.58826    
 2087.2500   1.54880    
 2087.3333   1.50806    
 2087.4167   1.49252    
 2087.5000   1.49872    
 2087.5833   1.52676    
 2087.6667   1.55515    
 2087.7500   1.62717    
 2087.8333   1.67334    
 2087.9167   1.65915    
 2088.0000   1.63232    
 2088.0833   1.62354    
 2088.1667   1.58948    
 2088.2500   1.54340    
 2088.3333   1.50024    
 2088.4167   1.48221    
 2088.5000   1.50754    
 2088.5833   1.52567    
 2088.6667   1.55954    
 2088.7500   1.62817    
 2088.8333   1.68945    
 2088.9167   1.72116    
 2089.0000   1.70032    
 2089.0833   1.64114    
 2089.1667   1.58588    
 2089.2500   1.54871    
 2089.3333   1.52524    
 2089.4167   1.52512    
 2089.5000   1.54044    
 2089.5833   1.56906    
 2089.6667   1.60245    
 2089.7500   1.68628    
 2089.8333   1.75516    
 2089.9167   1.73294    
 2090.0000   1.73221    
 2090.0833   1.68726    
 2090.1667   1.63217    
 2090.2500   1.57401    
 2090.3333   1.55054    
 2090.4167   1.52701    
 2090.5000   1.53311    
 2090.5833   1.57257    
 2090.6667   1.60165    
 2090.7500   1.65057    
 2090.8333   1.70724    
 2090.9167   1.70224    
 2091.0000   1.71841    
 2091.0833   1.64554    
 2091.1667   1.60687    
 2091.2500   1.54941    
 2091.3333   1.51825    
 2091.4167   1.50552    
 2091.5000   1.53903    
 2091.5833   1.56598    
 2091.6667   1.59833    
 2091.7500   1.66727    
 2091.8333   1.71106    
 2091.9167   1.70667    
 2092.0000   1.69702    
 2092.0833   1.64255    
 2092.1667   1.59308    
 2092.2500   1.56500    
 2092.3333   1.52353    
 2092.4167   1.51422    
 2092.5000   1.53143    
 2092.5833   1.55157    
 2092.6667   1.57385    
 2092.7500   1.65698    
 2092.8333   1.70956    
 2092.9167   1.71814    
 2093.0000   1.69870    
 2093.0833   1.64975    
 2093.1667   1.59229    
 2093.2500   1.53589    
 2093.3333   1.50214    
 2093.4167   1.49341    
 2093.5000   1.52393    
 2093.5833   1.54648    
 2093.6667   1.58932    
 2093.7500   1.65247    
 2093.8333   1.70056    
 2093.9167   1.71054    
 2094.0000   1.71561    
 2094.0833   1.64026    
 2094.1667   1.60226    
 2094.2500   1.55490    
 2094.3333   1.51175    
 2094.4167   1.50351    
 2094.5000   1.53381    
 2094.5833   1.57278    
 2094.6667   1.58795    
 2094.7500   1.65546    
 2094.8333   1.72614    
 2094.9167   1.71426    
 2095.0000   1.73453    
 2095.0833   1.68906    
 2095.1667   1.63916    
 2095.2500   1.57581    
 2095.3333   1.55444    
 2095.4167   1.54211    
 2095.5000   1.56512    
 2095.5833   1.60388    
 2095.6667   1.62653    
 2095.7500   1.68387    
 2095.8333   1.74985    
 2095.9167   1.77036    
 2096.0000   1.75391    
 2096.0833   1.71994    
 2096.1667   1.68427    
 2096.2500   1.61270    
 2096.3333   1.56265    
 2096.4167   1.55011    
 2096.5000   1.55362    
 2096.5833   1.58328    
 2096.6667   1.60645    
 2096.7500   1.67136    
 2096.8333   1.73444    
 2096.9167   1.74835    
 2097.0000   1.71182    
 2097.0833   1.68854    
 2097.1667   1.63818    
 2097.2500   1.59448    
 2097.3333   1.54056    
 2097.4167   1.52643    
 2097.5000   1.53961    
 2097.5833   1.55908    
 2097.6667   1.61945    
 2097.7500   1.69556    
 2097.8333   1.73105    
 2097.9167   1.75507    
 2098.0000   1.73990    
 2098.0833   1.70773    
 2098.1667   1.67166    
 2098.2500   1.62900    
 2098.3333   1.58176    
 2098.4167   1.56442    
 2098.5000   1.59192    
 2098.5833   1.62106    
 2098.6667   1.63705    
 2098.7500   1.70718    
 2098.8333   1.78217    
 2098.9167   1.76596    
 2099.0000   1.74573    
 2099.0833   1.70316    
 2099.1667   1.66876    
 2099.2500   1.62650    
 2099.3333   1.57956    
 2099.4167   1.56693    
 2099.5000   1.59494    
 2099.5833   1.60938    
 2099.6667   1.64783    
 2099.7500   1.71387    
 2099.8333   1.77286    
 2099.9167   1.78265    
 2100.0000   1.77612    
 2100.0833   1.75195    
 2100.1667   1.67548    
 2100.2500   1.61969    
 2100.3333   1.57886    
 2100.4167   1.55402    
 2100.5000   1.57083    
 2100.5833   1.60529    
 2100.6667   1.65845    
 2100.7500   1.74646    
 2100.8333   1.80246    
 2100.9167   1.79544    

